freqs:, k index, k1, k2, k3, kmag/2pi, band 1, band 2, band 3, band 4, band 5, band 6, band 7, band 8, band 9, band 10, band 11, band 12, band 13, band 14, band 15, band 16, band 17, band 18, band 19, band 20, band 21, band 22, band 23, band 24, band 25, band 26, band 27, band 28, band 29, band 30, band 31, band 32, band 33, band 34, band 35, band 36, band 37, band 38, band 39, band 40, band 41, band 42, band 43, band 44, band 45, band 46, band 47, band 48, band 49, band 50, band 51, band 52, band 53, band 54, band 55, band 56, band 57, band 58, band 59, band 60, band 61, band 62, band 63, band 64, band 65, band 66, band 67, band 68, band 69, band 70, band 71, band 72, band 73, band 74, band 75, band 76, band 77, band 78, band 79, band 80, band 81, band 82, band 83, band 84, band 85, band 86, band 87, band 88, band 89, band 90, band 91, band 92, band 93, band 94, band 95, band 96, band 97, band 98, band 99, band 100, band 101, band 102, band 103, band 104, band 105, band 106, band 107, band 108, band 109, band 110, band 111, band 112, band 113, band 114, band 115, band 116, band 117, band 118, band 119, band 120, band 121, band 122, band 123, band 124, band 125, band 126, band 127, band 128, band 129, band 130, band 131, band 132, band 133, band 134, band 135, band 136, band 137, band 138, band 139, band 140, band 141, band 142, band 143, band 144, band 145, band 146, band 147, band 148, band 149, band 150, band 151, band 152, band 153, band 154, band 155, band 156, band 157, band 158, band 159, band 160, band 161, band 162, band 163, band 164, band 165, band 166, band 167, band 168, band 169, band 170, band 171, band 172, band 173, band 174, band 175, band 176, band 177, band 178, band 179, band 180, band 181, band 182, band 183, band 184, band 185, band 186, band 187, band 188, band 189, band 190, band 191, band 192, band 193, band 194, band 195, band 196, band 197, band 198, band 199, band 200, band 201, band 202, band 203, band 204, band 205, band 206, band 207, band 208, band 209, band 210, band 211, band 212, band 213, band 214, band 215, band 216, band 217, band 218, band 219, band 220, band 221, band 222, band 223, band 224, band 225, band 226, band 227, band 228, band 229, band 230, band 231, band 232, band 233, band 234, band 235, band 236, band 237, band 238, band 239, band 240, band 241, band 242, band 243, band 244, band 245, band 246, band 247, band 248, band 249, band 250, band 251, band 252, band 253, band 254, band 255, band 256, band 257, band 258, band 259, band 260, band 261, band 262, band 263, band 264, band 265, band 266, band 267, band 268, band 269, band 270, band 271, band 272, band 273, band 274, band 275, band 276, band 277, band 278, band 279, band 280, band 281, band 282, band 283, band 284, band 285, band 286, band 287, band 288, band 289, band 290, band 291, band 292, band 293, band 294, band 295, band 296, band 297, band 298, band 299, band 300, band 301, band 302, band 303, band 304, band 305, band 306, band 307, band 308, band 309, band 310, band 311, band 312, band 313, band 314, band 315, band 316, band 317, band 318, band 319, band 320, band 321, band 322, band 323, band 324, band 325
freqs:, 1, 0, 0, 0, 0, 0, 0, 0.115497, 0.1155, 0.115503, 0.120183, 0.120187, 0.120189, 0.121162, 0.121163, 0.121185, 0.121575, 0.121577, 0.121552, 0.157591, 0.157594, 0.157594, 0.160114, 0.160114, 0.160117, 0.166359, 0.166361, 0.168321, 0.168324, 0.16832, 0.168599, 0.169042, 0.169043, 0.169046, 0.169296, 0.1693, 0.169302, 0.169443, 0.169443, 0.169447, 0.169717, 0.169722, 0.169965, 0.192245, 0.192245, 0.192248, 0.19695, 0.196954, 0.196954, 0.200466, 0.20047, 0.202693, 0.202698, 0.202824, 0.202828, 0.202829, 0.203437, 0.203438, 0.203441, 0.215834, 0.215836, 0.215838, 0.223087, 0.223092, 0.223095, 0.227632, 0.227634, 0.22764, 0.228817, 0.228824, 0.228828, 0.235484, 0.235488, 0.235482, 0.238713, 0.238716, 0.23872, 0.24215, 0.242153, 0.243845, 0.24385, 0.24385, 0.245337, 0.245341, 0.245976, 0.245978, 0.245981, 0.250996, 0.250997, 0.250997, 0.251653, 0.251914, 0.252102, 0.252102, 0.252105, 0.252346, 0.252351, 0.253083, 0.253084, 0.25309, 0.253105, 0.253446, 0.253447, 0.253468, 0.253482, 0.253486, 0.25345, 0.254583, 0.254588, 0.254589, 0.2551, 0.255108, 0.255115, 0.255152, 0.255161, 0.255229, 0.255303, 0.255173, 0.255254, 0.262512, 0.262516, 0.262519, 0.262819, 0.262823, 0.263155, 0.263158, 0.263169, 0.263688, 0.263669, 0.264835, 0.264839, 0.264841, 0.266919, 0.266919, 0.266921, 0.270746, 0.270747, 0.270748, 0.271058, 0.271016, 0.271065, 0.271066, 0.271245, 0.271475, 0.271477, 0.271478, 0.271595, 0.271953, 0.271969, 0.272001, 0.271936, 0.271944, 0.271974, 0.271995, 0.272005, 0.272163, 0.272172, 0.272185, 0.272338, 0.272348, 0.272418, 0.272324, 0.272446, 0.272524, 0.272566, 0.272582, 0.272588, 0.281519, 0.281523, 0.281524, 0.282677, 0.282678, 0.282678, 0.287757, 0.28776, 0.290387, 0.290391, 0.290393, 0.293269, 0.293273, 0.294255, 0.294257, 0.294263, 0.297149, 0.298688, 0.298689, 0.298693, 0.298868, 0.298872, 0.298877, 0.299557, 0.300687, 0.300691, 0.300697, 0.303148, 0.30315, 0.303152, 0.303674, 0.303679, 0.304672, 0.304677, 0.304681, 0.305814, 0.305818, 0.306169, 0.306163, 0.306166, 0.307238, 0.307242, 0.307245, 0.309133, 0.309319, 0.309438, 0.309441, 0.309444, 0.309798, 0.309788, 0.309793, 0.309886, 0.310177, 0.31018, 0.310182, 0.310448, 0.310451, 0.310701, 0.310704, 0.31071, 0.311813, 0.311816, 0.311827, 0.311834, 0.311839, 0.311847, 0.311852, 0.311855, 0.312067, 0.312236, 0.312328, 0.312189, 0.312297, 0.312363, 0.312381, 0.312658, 0.312675, 0.312683, 0.319096, 0.3191, 0.32288, 0.325307, 0.325303, 0.325308, 0.327079, 0.327083, 0.327285, 0.327286, 0.327289, 0.330344, 0.330346, 0.330351, 0.332136, 0.332127, 0.332133, 0.332578, 0.332582, 0.332587, 0.333186, 0.333194, 0.33452, 0.334521, 0.334525, 0.33569, 0.335682, 0.335693, 0.338418, 0.338421, 0.345572, 0.352224, 0.352228, 0.352233, 0.354245, 0.354247, 0.354251, 0.35728, 0.358209, 0.35821, 0.358216, 0.35986, 0.366721, 0.366723, 0.366732, 0.370415, 0.370417, 0.370449, 0.37055, 0.374755, 0.374759, 0.374761, 0.375576, 0.375581, 0.375648, 0.375652, 0.375679, 0.375697, 0.375701, 0.375659, 0.376144, 0.376145, 0.37615, 0.376671, 0.376672, 0.376674, 0.377437, 0.377439, 0.378941, 0.380502, 0.380816, 0.380835, 0.380845, 0.381093, 0.381103, 0.381113, 0.381147, 0.381155, 0.381171, 0.381927, 0.382021, 0.381914, 0.382113, 0.382204, 0.382213
freqs:, 2, 0.0833333, 0.0833333, 0.0833333, 0.0288675, 0.0175059, 0.0175065, 0.108823, 0.109311, 0.109314, 0.111912, 0.112206, 0.112208, 0.12786, 0.127863, 0.129262, 0.131355, 0.131846, 0.13185, 0.149567, 0.14957, 0.153063, 0.153939, 0.155787, 0.155789, 0.163063, 0.163064, 0.162251, 0.1634, 0.166554, 0.166555, 0.169504, 0.169506, 0.169902, 0.169903, 0.170034, 0.170349, 0.176434, 0.176433, 0.180633, 0.18217, 0.182378, 0.182381, 0.184175, 0.18418, 0.191677, 0.19414, 0.194142, 0.194679, 0.196608, 0.196612, 0.203135, 0.203136, 0.204414, 0.206233, 0.206256, 0.20626, 0.212205, 0.212209, 0.215255, 0.215991, 0.215996, 0.218371, 0.220572, 0.220576, 0.226607, 0.226609, 0.226953, 0.230873, 0.230876, 0.231286, 0.234905, 0.234909, 0.236198, 0.236519, 0.238687, 0.238688, 0.23969, 0.239691, 0.242676, 0.242678, 0.24292, 0.242633, 0.243517, 0.243519, 0.244649, 0.245017, 0.245019, 0.245074, 0.246477, 0.24648, 0.24854, 0.248543, 0.249289, 0.24929, 0.249628, 0.249881, 0.251703, 0.251918, 0.25192, 0.25193, 0.253051, 0.253055, 0.253762, 0.253759, 0.255739, 0.255742, 0.255752, 0.256278, 0.256682, 0.256683, 0.257404, 0.259061, 0.25932, 0.259323, 0.259531, 0.259694, 0.260124, 0.260125, 0.260863, 0.260865, 0.261389, 0.26139, 0.261668, 0.262083, 0.262506, 0.262402, 0.262566, 0.264152, 0.264155, 0.264405, 0.264663, 0.264666, 0.266272, 0.266272, 0.266419, 0.266861, 0.267924, 0.268113, 0.268115, 0.268246, 0.268698, 0.268699, 0.269623, 0.269623, 0.270477, 0.270478, 0.271012, 0.272086, 0.272105, 0.272106, 0.273048, 0.274003, 0.27432, 0.274324, 0.275815, 0.275817, 0.276582, 0.276735, 0.27658, 0.276727, 0.277083, 0.277086, 0.278863, 0.278865, 0.279781, 0.281479, 0.281771, 0.281786, 0.281789, 0.282885, 0.283367, 0.283371, 0.286084, 0.286086, 0.289608, 0.289612, 0.289868, 0.292039, 0.292843, 0.292845, 0.294701, 0.29555, 0.295553, 0.296441, 0.296446, 0.297133, 0.298124, 0.298128, 0.298129, 0.300143, 0.300147, 0.300903, 0.30135, 0.301744, 0.301931, 0.301935, 0.303017, 0.303021, 0.303523, 0.303525, 0.304075, 0.304081, 0.304742, 0.304748, 0.305301, 0.305302, 0.305817, 0.306101, 0.306963, 0.306966, 0.307381, 0.307562, 0.307841, 0.307836, 0.308545, 0.308548, 0.308813, 0.309452, 0.309454, 0.309523, 0.309892, 0.309894, 0.310401, 0.310748, 0.310731, 0.311392, 0.311584, 0.311587, 0.312247, 0.31249, 0.312492, 0.312646, 0.313259, 0.313261, 0.313901, 0.314402, 0.314406, 0.31447, 0.314953, 0.314957, 0.316623, 0.317424, 0.317597, 0.317599, 0.319104, 0.319108, 0.322672, 0.323621, 0.323626, 0.325137, 0.326862, 0.326865, 0.3276, 0.327742, 0.327745, 0.329425, 0.329446, 0.329429, 0.331454, 0.331456, 0.332501, 0.332851, 0.332855, 0.33298, 0.333665, 0.333671, 0.335011, 0.335184, 0.335161, 0.335592, 0.336867, 0.336872, 0.338297, 0.338299, 0.345511, 0.352186, 0.352188, 0.3522, 0.352637, 0.353994, 0.353995, 0.356432, 0.358573, 0.358573, 0.359581, 0.361089, 0.366497, 0.366578, 0.366587, 0.369326, 0.369791, 0.369794, 0.370569, 0.371567, 0.371569, 0.373605, 0.373606, 0.373908, 0.374283, 0.374931, 0.374935, 0.375303, 0.375385, 0.375393, 0.375586, 0.375647, 0.375675, 0.37569, 0.376594, 0.376595, 0.377082, 0.377115, 0.376937, 0.377399, 0.377721, 0.377721, 0.377723, 0.379189, 0.379191, 0.379345, 0.379707, 0.379712, 0.380495, 0.380273, 0.380303, 0.380553, 0.380837, 0.380844, 0.381146
freqs:, 3, 0.166667, 0.166667, 0.166667, 0.057735, 0.0349755, 0.0349767, 0.101887, 0.103003, 0.103005, 0.105001, 0.105198, 0.1052, 0.136132, 0.136134, 0.138894, 0.140557, 0.140559, 0.141517, 0.143224, 0.143352, 0.143355, 0.143568, 0.143669, 0.143672, 0.163761, 0.16499, 0.165775, 0.165777, 0.167036, 0.167038, 0.171047, 0.17105, 0.171885, 0.171887, 0.172537, 0.172545, 0.172785, 0.172544, 0.186293, 0.186296, 0.188484, 0.191105, 0.19114, 0.19114, 0.193782, 0.193786, 0.195126, 0.196319, 0.196229, 0.196233, 0.204124, 0.204127, 0.205195, 0.210036, 0.210038, 0.210113, 0.214229, 0.214233, 0.215077, 0.214399, 0.215234, 0.215236, 0.220722, 0.220725, 0.223391, 0.227112, 0.227211, 0.227215, 0.230239, 0.230241, 0.231108, 0.23111, 0.233127, 0.233652, 0.234129, 0.234132, 0.235161, 0.236776, 0.236778, 0.237394, 0.239259, 0.239255, 0.241922, 0.241923, 0.242753, 0.242757, 0.243688, 0.243689, 0.243953, 0.244422, 0.246195, 0.246199, 0.24792, 0.248037, 0.248179, 0.248182, 0.248862, 0.249158, 0.249161, 0.24922, 0.252036, 0.252037, 0.25285, 0.252848, 0.253195, 0.253305, 0.255156, 0.255159, 0.256812, 0.256816, 0.256841, 0.257346, 0.258678, 0.258683, 0.258934, 0.259268, 0.259778, 0.259779, 0.260493, 0.260496, 0.261247, 0.261249, 0.261714, 0.262431, 0.262468, 0.262462, 0.264079, 0.265396, 0.265398, 0.26572, 0.267359, 0.26736, 0.26907, 0.269072, 0.269162, 0.269656, 0.269777, 0.269782, 0.270132, 0.270134, 0.270926, 0.271382, 0.271384, 0.271809, 0.272392, 0.272395, 0.272769, 0.273235, 0.273642, 0.273645, 0.274867, 0.277219, 0.277221, 0.278016, 0.27802, 0.278255, 0.27858, 0.2796, 0.279597, 0.279633, 0.280369, 0.28037, 0.282077, 0.282131, 0.282279, 0.28228, 0.283251, 0.283253, 0.286101, 0.28625, 0.286254, 0.286457, 0.286459, 0.287326, 0.289492, 0.289586, 0.28959, 0.29103, 0.291034, 0.29198, 0.292086, 0.292868, 0.292872, 0.294261, 0.294356, 0.294358, 0.295718, 0.295884, 0.295886, 0.297237, 0.298251, 0.298586, 0.298588, 0.299299, 0.299301, 0.299607, 0.300829, 0.300833, 0.301609, 0.302395, 0.302397, 0.302449, 0.304169, 0.304254, 0.304257, 0.304785, 0.304788, 0.305225, 0.305629, 0.305631, 0.306252, 0.306255, 0.306925, 0.307919, 0.308329, 0.308329, 0.308635, 0.308824, 0.308826, 0.309723, 0.310918, 0.310921, 0.311752, 0.312263, 0.31226, 0.312648, 0.312749, 0.312752, 0.313474, 0.31421, 0.314238, 0.31424, 0.31561, 0.315614, 0.316589, 0.316369, 0.316373, 0.316943, 0.317634, 0.317638, 0.318914, 0.318917, 0.320541, 0.321113, 0.321118, 0.322305, 0.322919, 0.322921, 0.322957, 0.324921, 0.325383, 0.325388, 0.327536, 0.32756, 0.327565, 0.328419, 0.329508, 0.329504, 0.331167, 0.331171, 0.332889, 0.332893, 0.333252, 0.333809, 0.334579, 0.334584, 0.335877, 0.336303, 0.335471, 0.336284, 0.337069, 0.337075, 0.339729, 0.339734, 0.345341, 0.350044, 0.352053, 0.352057, 0.35211, 0.353496, 0.353499, 0.355799, 0.359357, 0.359357, 0.359612, 0.364018, 0.365742, 0.365885, 0.365891, 0.367811, 0.367449, 0.367452, 0.368427, 0.368429, 0.369228, 0.370285, 0.370287, 0.370756, 0.370872, 0.371014, 0.371024, 0.37169, 0.371693, 0.37243, 0.372872, 0.374602, 0.374607, 0.374634, 0.37485, 0.374909, 0.374914, 0.375249, 0.37524, 0.37554, 0.375625, 0.37563, 0.375929, 0.375932, 0.376083, 0.37629, 0.37631, 0.376312, 0.37748, 0.377465, 0.377689, 0.378027, 0.378039, 0.378522, 0.37957
freqs:, 4, 0.25, 0.25, 0.25, 0.0866025, 0.0523685, 0.0523703, 0.0973303, 0.0989252, 0.0989272, 0.100582, 0.100695, 0.100696, 0.127487, 0.127489, 0.129362, 0.130762, 0.13158, 0.131582, 0.149085, 0.149088, 0.152991, 0.153578, 0.153582, 0.15497, 0.156139, 0.156142, 0.167727, 0.168127, 0.169879, 0.169881, 0.172932, 0.172932, 0.175692, 0.175693, 0.176503, 0.176505, 0.176613, 0.17674, 0.187746, 0.187747, 0.188461, 0.189784, 0.19124, 0.191244, 0.197154, 0.197156, 0.201464, 0.201837, 0.201467, 0.20491, 0.207733, 0.207736, 0.208222, 0.209587, 0.20959, 0.209644, 0.21347, 0.213473, 0.214933, 0.218092, 0.218786, 0.218788, 0.22016, 0.220164, 0.220897, 0.221176, 0.221639, 0.221639, 0.222886, 0.222888, 0.22345, 0.224443, 0.224447, 0.224641, 0.230794, 0.230799, 0.231666, 0.234486, 0.234488, 0.234789, 0.235779, 0.235776, 0.23644, 0.238132, 0.239031, 0.239033, 0.24142, 0.241421, 0.243732, 0.243734, 0.245193, 0.245195, 0.246797, 0.247012, 0.249233, 0.249235, 0.249277, 0.249434, 0.250189, 0.25019, 0.251748, 0.25175, 0.253377, 0.252913, 0.253268, 0.253375, 0.255721, 0.255723, 0.256739, 0.257292, 0.257466, 0.257467, 0.257897, 0.2579, 0.257597, 0.258345, 0.258652, 0.258654, 0.26051, 0.260513, 0.261771, 0.262084, 0.262085, 0.262426, 0.26362, 0.263618, 0.265953, 0.265955, 0.266104, 0.267764, 0.267766, 0.267769, 0.267945, 0.268255, 0.268258, 0.269564, 0.269562, 0.271484, 0.271484, 0.27202, 0.27235, 0.273323, 0.273327, 0.274665, 0.276231, 0.2766, 0.276605, 0.275821, 0.278119, 0.278572, 0.278575, 0.278627, 0.278629, 0.279769, 0.280411, 0.280416, 0.280763, 0.281171, 0.28076, 0.282171, 0.282227, 0.282231, 0.282266, 0.283573, 0.283575, 0.284041, 0.284229, 0.284232, 0.284995, 0.285046, 0.28505, 0.285616, 0.286694, 0.286697, 0.287091, 0.28724, 0.288041, 0.288043, 0.290279, 0.290281, 0.293433, 0.293436, 0.294573, 0.294575, 0.294643, 0.294987, 0.296112, 0.296115, 0.297497, 0.297787, 0.298317, 0.29829, 0.298297, 0.298699, 0.298702, 0.299514, 0.299989, 0.299991, 0.300304, 0.300555, 0.300556, 0.300926, 0.302275, 0.302603, 0.302604, 0.303298, 0.3033, 0.303529, 0.304896, 0.304899, 0.3057, 0.305702, 0.305708, 0.306663, 0.307955, 0.307957, 0.308859, 0.310622, 0.310625, 0.311799, 0.311803, 0.311809, 0.3125, 0.313645, 0.312495, 0.313482, 0.313485, 0.313937, 0.31444, 0.314442, 0.315922, 0.315994, 0.316296, 0.316299, 0.317969, 0.317965, 0.318627, 0.318646, 0.318651, 0.318983, 0.320034, 0.320036, 0.320072, 0.321956, 0.321959, 0.324099, 0.323854, 0.324099, 0.325031, 0.326091, 0.326333, 0.326336, 0.32703, 0.327349, 0.327351, 0.329569, 0.330754, 0.330724, 0.331305, 0.331335, 0.3324, 0.332406, 0.33349, 0.334736, 0.335573, 0.33558, 0.336416, 0.336609, 0.335998, 0.336418, 0.337408, 0.337417, 0.341745, 0.341751, 0.345096, 0.347772, 0.35185, 0.351854, 0.351955, 0.353105, 0.353109, 0.355117, 0.359305, 0.360083, 0.360083, 0.363523, 0.363558, 0.363561, 0.364447, 0.36552, 0.365102, 0.365106, 0.365467, 0.365471, 0.366976, 0.366985, 0.367479, 0.368017, 0.368022, 0.368059, 0.368763, 0.368831, 0.368837, 0.369516, 0.369521, 0.370269, 0.370324, 0.370329, 0.370701, 0.370704, 0.371445, 0.371451, 0.372024, 0.372448, 0.372834, 0.372838, 0.373657, 0.37404, 0.374045, 0.375436, 0.37544, 0.375891, 0.375958, 0.375879, 0.376136, 0.376551, 0.376558, 0.376776, 0.376908
freqs:, 5, 0.333333, 0.333333, 0.333333, 0.11547, 0.0696282, 0.0696304, 0.0956314, 0.0975023, 0.0975038, 0.0990274, 0.0990958, 0.0990959, 0.117877, 0.117879, 0.118833, 0.120452, 0.120997, 0.120999, 0.137409, 0.137413, 0.159059, 0.159062, 0.16406, 0.16578, 0.169039, 0.169042, 0.173357, 0.173908, 0.175601, 0.175603, 0.177405, 0.177407, 0.180877, 0.180878, 0.181952, 0.181954, 0.182113, 0.182096, 0.18698, 0.18698, 0.189142, 0.189599, 0.1912, 0.191203, 0.195335, 0.195335, 0.199285, 0.201675, 0.199977, 0.201675, 0.205911, 0.205914, 0.208842, 0.20978, 0.210642, 0.210645, 0.212083, 0.212084, 0.213177, 0.213174, 0.213863, 0.21453, 0.214534, 0.21479, 0.218639, 0.219513, 0.219518, 0.221953, 0.222233, 0.22224, 0.222407, 0.22242, 0.222887, 0.22289, 0.225117, 0.22768, 0.227683, 0.228102, 0.228107, 0.228961, 0.235955, 0.234138, 0.235961, 0.237888, 0.239256, 0.239258, 0.242375, 0.242376, 0.244618, 0.244621, 0.246511, 0.247081, 0.24825, 0.24825, 0.249326, 0.249328, 0.25002, 0.250329, 0.250329, 0.250544, 0.251657, 0.251658, 0.252561, 0.253541, 0.25391, 0.253913, 0.254126, 0.2548, 0.254801, 0.255259, 0.25741, 0.257412, 0.259134, 0.259138, 0.260421, 0.260845, 0.261295, 0.261297, 0.261574, 0.261578, 0.261602, 0.262546, 0.262549, 0.264038, 0.264045, 0.264148, 0.264617, 0.265171, 0.265176, 0.265882, 0.267886, 0.267888, 0.26835, 0.268617, 0.268619, 0.269734, 0.269302, 0.269541, 0.269735, 0.270777, 0.27078, 0.271029, 0.271031, 0.272514, 0.273121, 0.273703, 0.273709, 0.27427, 0.274272, 0.274771, 0.277676, 0.279297, 0.279298, 0.280668, 0.281025, 0.281028, 0.28199, 0.282368, 0.283549, 0.28355, 0.284492, 0.284494, 0.284814, 0.2853, 0.285301, 0.287119, 0.287121, 0.287323, 0.28805, 0.288004, 0.288007, 0.288288, 0.288917, 0.28892, 0.290592, 0.290831, 0.290834, 0.290887, 0.291526, 0.291527, 0.292646, 0.292646, 0.293095, 0.294266, 0.294414, 0.294417, 0.296058, 0.296391, 0.296791, 0.296807, 0.297047, 0.296411, 0.298122, 0.298357, 0.298359, 0.299305, 0.300035, 0.300037, 0.300558, 0.301013, 0.301015, 0.301786, 0.301592, 0.301789, 0.302775, 0.302777, 0.303537, 0.303844, 0.303846, 0.3041, 0.304772, 0.305116, 0.30512, 0.306441, 0.306442, 0.306979, 0.309149, 0.309151, 0.310066, 0.311858, 0.311862, 0.31267, 0.313145, 0.313146, 0.314414, 0.314419, 0.315001, 0.315422, 0.316353, 0.316354, 0.316999, 0.317612, 0.317617, 0.318594, 0.318829, 0.318826, 0.318877, 0.32008, 0.32018, 0.320183, 0.320626, 0.320632, 0.320736, 0.32149, 0.321492, 0.322349, 0.323688, 0.325219, 0.325222, 0.326355, 0.326359, 0.327375, 0.328965, 0.328967, 0.330529, 0.330685, 0.331113, 0.331107, 0.332012, 0.332015, 0.332873, 0.332876, 0.333449, 0.335457, 0.335959, 0.335965, 0.336432, 0.336434, 0.336987, 0.337068, 0.338069, 0.338072, 0.343296, 0.343302, 0.344836, 0.346055, 0.351643, 0.351646, 0.351749, 0.353078, 0.353081, 0.354556, 0.358412, 0.359688, 0.359692, 0.361553, 0.361555, 0.362025, 0.362678, 0.363157, 0.362533, 0.362538, 0.363383, 0.363386, 0.364236, 0.364263, 0.364276, 0.364587, 0.3646, 0.364835, 0.365901, 0.36588, 0.365883, 0.366539, 0.366542, 0.367502, 0.367526, 0.367528, 0.369008, 0.369065, 0.369073, 0.369433, 0.369655, 0.370296, 0.370298, 0.37205, 0.372055, 0.372301, 0.372362, 0.373142, 0.373146, 0.373695, 0.374241, 0.374242, 0.375356, 0.375359, 0.375564, 0.375881, 0.37657
freqs:, 6, 0.416667, 0.416667, 0.416667, 0.144338, 0.0865924, 0.0865952, 0.0968114, 0.0988757, 0.0988768, 0.10047, 0.10057, 0.100571, 0.109688, 0.109689, 0.110023, 0.111654, 0.111985, 0.111988, 0.121074, 0.121078, 0.167151, 0.167154, 0.171078, 0.171683, 0.177071, 0.177073, 0.182634, 0.182637, 0.183615, 0.183789, 0.184957, 0.184961, 0.187251, 0.187251, 0.188571, 0.188574, 0.188853, 0.188689, 0.189305, 0.189306, 0.191005, 0.191571, 0.192609, 0.192612, 0.194224, 0.194225, 0.196936, 0.197753, 0.196252, 0.197753, 0.200262, 0.200266, 0.202043, 0.202244, 0.203397, 0.203399, 0.204037, 0.204039, 0.20519, 0.204764, 0.205185, 0.205437, 0.207506, 0.20751, 0.209264, 0.209667, 0.209728, 0.209731, 0.21878, 0.218782, 0.222005, 0.230451, 0.230454, 0.23054, 0.23474, 0.235715, 0.235717, 0.235915, 0.235918, 0.238113, 0.238441, 0.238442, 0.238577, 0.241082, 0.241085, 0.24127, 0.242303, 0.242305, 0.244559, 0.244562, 0.246569, 0.246927, 0.246805, 0.246806, 0.248213, 0.248214, 0.248654, 0.248877, 0.248878, 0.24936, 0.250851, 0.251664, 0.251665, 0.252179, 0.252509, 0.252511, 0.253537, 0.255264, 0.255267, 0.255731, 0.255836, 0.255839, 0.257354, 0.258178, 0.258169, 0.2594, 0.259482, 0.25984, 0.259843, 0.26238, 0.262385, 0.263218, 0.263923, 0.263926, 0.264213, 0.264454, 0.264457, 0.264466, 0.264727, 0.264729, 0.265706, 0.265959, 0.26596, 0.266619, 0.266963, 0.266965, 0.267951, 0.267953, 0.267997, 0.268741, 0.268943, 0.268946, 0.269808, 0.271757, 0.27176, 0.272442, 0.272539, 0.272537, 0.276382, 0.276385, 0.278016, 0.279752, 0.279754, 0.280466, 0.28047, 0.280773, 0.284434, 0.285763, 0.283968, 0.283975, 0.286902, 0.286904, 0.287796, 0.287799, 0.289626, 0.289628, 0.289753, 0.290386, 0.290613, 0.290903, 0.290905, 0.291716, 0.291719, 0.292229, 0.292522, 0.292525, 0.292671, 0.293399, 0.293401, 0.293854, 0.293835, 0.293921, 0.293967, 0.293969, 0.29475, 0.294751, 0.295042, 0.295542, 0.295546, 0.296725, 0.296732, 0.296952, 0.296957, 0.297043, 0.297419, 0.297914, 0.298355, 0.298358, 0.299139, 0.299175, 0.299177, 0.299518, 0.299504, 0.299515, 0.300179, 0.300182, 0.300691, 0.301817, 0.301819, 0.30202, 0.304924, 0.304925, 0.30767, 0.307669, 0.309083, 0.309318, 0.311388, 0.31139, 0.312513, 0.312513, 0.313212, 0.31328, 0.313768, 0.313769, 0.315416, 0.315418, 0.315635, 0.315994, 0.315996, 0.316309, 0.317122, 0.318811, 0.318812, 0.319137, 0.319392, 0.3189, 0.319405, 0.320581, 0.320734, 0.320738, 0.320929, 0.321626, 0.321631, 0.321964, 0.322042, 0.322048, 0.32292, 0.323854, 0.323858, 0.327221, 0.327223, 0.327677, 0.329381, 0.329383, 0.330876, 0.331121, 0.332975, 0.330874, 0.333171, 0.333175, 0.333983, 0.334296, 0.334298, 0.335566, 0.335569, 0.335697, 0.337013, 0.337015, 0.337298, 0.337734, 0.338185, 0.338187, 0.344265, 0.344271, 0.344639, 0.344979, 0.351492, 0.351494, 0.351529, 0.353611, 0.353617, 0.354311, 0.357353, 0.357518, 0.357524, 0.36043, 0.360603, 0.360605, 0.361156, 0.361251, 0.361188, 0.361207, 0.361267, 0.361465, 0.362108, 0.362111, 0.362318, 0.363013, 0.363141, 0.363147, 0.363756, 0.363657, 0.363664, 0.365502, 0.365503, 0.366117, 0.366143, 0.366144, 0.367979, 0.368216, 0.368226, 0.368255, 0.368796, 0.368799, 0.368852, 0.369932, 0.369934, 0.370375, 0.370839, 0.372154, 0.372165, 0.373682, 0.374048, 0.373671, 0.374682, 0.374692, 0.374964, 0.375454, 0.375458
freqs:, 7, 0.5, 0.5, 0.5, 0.173205, 0.0989833, 0.0989847, 0.0989891, 0.10426, 0.104263, 0.104265, 0.104889, 0.104892, 0.105258, 0.105271, 0.105273, 0.105339, 0.105342, 0.105374, 0.105375, 0.105376, 0.172453, 0.172456, 0.172458, 0.174383, 0.174386, 0.17439, 0.191729, 0.191731, 0.191735, 0.192144, 0.192147, 0.194676, 0.194683, 0.194685, 0.19529, 0.195294, 0.196107, 0.196114, 0.196121, 0.196123, 0.196436, 0.196453, 0.196454, 0.196613, 0.196614, 0.196632, 0.196647, 0.19666, 0.196469, 0.196609, 0.196636, 0.196641, 0.196652, 0.196663, 0.196678, 0.19668, 0.196721, 0.196728, 0.196742, 0.196617, 0.196639, 0.196653, 0.196654, 0.196679, 0.196691, 0.196704, 0.19675, 0.196784, 0.222377, 0.222379, 0.222374, 0.232358, 0.232361, 0.232364, 0.235861, 0.235864, 0.240098, 0.240102, 0.240862, 0.240865, 0.240867, 0.244372, 0.244374, 0.244375, 0.247378, 0.247675, 0.247677, 0.247678, 0.247702, 0.247704, 0.247709, 0.247727, 0.248051, 0.248055, 0.248059, 0.248171, 0.248172, 0.248176, 0.248341, 0.248343, 0.249259, 0.249261, 0.249264, 0.249079, 0.251044, 0.251048, 0.251357, 0.251358, 0.251361, 0.251516, 0.251518, 0.25153, 0.251559, 0.251561, 0.251542, 0.251557, 0.258536, 0.258542, 0.258544, 0.259958, 0.259961, 0.259967, 0.264568, 0.264572, 0.266048, 0.266045, 0.266048, 0.266269, 0.266273, 0.266306, 0.267036, 0.267039, 0.267041, 0.267187, 0.267193, 0.267293, 0.26718, 0.267355, 0.267358, 0.267362, 0.268288, 0.26829, 0.268291, 0.271533, 0.271534, 0.271538, 0.274347, 0.274345, 0.278287, 0.278292, 0.278427, 0.278432, 0.278435, 0.281051, 0.281055, 0.281056, 0.286353, 0.286909, 0.286352, 0.286357, 0.286902, 0.286905, 0.288864, 0.288868, 0.28887, 0.289247, 0.289259, 0.290078, 0.290081, 0.290071, 0.291834, 0.291839, 0.292719, 0.293032, 0.293034, 0.293036, 0.294566, 0.294568, 0.294569, 0.294971, 0.295717, 0.295718, 0.295722, 0.296144, 0.296146, 0.296149, 0.296398, 0.296403, 0.296733, 0.296733, 0.297074, 0.296735, 0.297011, 0.297069, 0.297074, 0.297137, 0.297142, 0.297147, 0.29816, 0.298168, 0.298211, 0.298446, 0.298406, 0.29841, 0.298411, 0.298431, 0.298438, 0.29864, 0.298648, 0.298649, 0.305713, 0.305718, 0.309434, 0.309429, 0.309438, 0.31163, 0.311634, 0.311842, 0.311846, 0.31185, 0.314641, 0.314641, 0.314644, 0.31511, 0.315001, 0.315095, 0.315096, 0.315163, 0.317299, 0.317301, 0.317304, 0.317724, 0.317726, 0.317728, 0.319931, 0.321083, 0.321085, 0.32109, 0.321354, 0.32136, 0.321364, 0.321929, 0.321934, 0.322208, 0.322215, 0.322225, 0.321946, 0.322169, 0.322172, 0.327616, 0.327618, 0.327621, 0.329032, 0.329034, 0.331191, 0.331194, 0.331201, 0.334039, 0.334044, 0.33405, 0.334346, 0.334349, 0.334353, 0.335543, 0.335546, 0.335551, 0.337386, 0.337396, 0.337371, 0.337962, 0.33797, 0.337988, 0.344567, 0.344596, 0.344603, 0.34461, 0.351421, 0.35143, 0.351433, 0.354296, 0.354304, 0.354305, 0.356188, 0.356194, 0.356875, 0.35988, 0.359884, 0.35989, 0.360234, 0.360277, 0.36027, 0.360643, 0.360648, 0.36066, 0.361934, 0.36194, 0.361944, 0.362461, 0.362481, 0.362489, 0.363166, 0.363151, 0.363157, 0.365501, 0.365502, 0.365622, 0.365624, 0.36563, 0.367942, 0.368142, 0.368145, 0.36815, 0.368636, 0.368642, 0.368743, 0.369444, 0.369447, 0.36945, 0.37018, 0.370188, 0.370199, 0.373377, 0.373383, 0.373364, 0.375152, 0.375155, 0.375162, 0.37568, 0.375688
freqs:, 8, 0.5, 0.5, 0.416667, 0.164148, 0.0957212, 0.0961001, 0.0961037, 0.0993948, 0.0997123, 0.0997708, 0.0997736, 0.099945, 0.107926, 0.10793, 0.108769, 0.110837, 0.111178, 0.111254, 0.111259, 0.111289, 0.169767, 0.169771, 0.172175, 0.173878, 0.175984, 0.175987, 0.187484, 0.187618, 0.187631, 0.18837, 0.188381, 0.188714, 0.189254, 0.189259, 0.191267, 0.192049, 0.193648, 0.193501, 0.193666, 0.193671, 0.19392, 0.193926, 0.194026, 0.194274, 0.194275, 0.194297, 0.194463, 0.196051, 0.197502, 0.197598, 0.1976, 0.197659, 0.198926, 0.199258, 0.199329, 0.19933, 0.199421, 0.199542, 0.199598, 0.199544, 0.200591, 0.200598, 0.203701, 0.204318, 0.204326, 0.20445, 0.204752, 0.204763, 0.221217, 0.221221, 0.222065, 0.229884, 0.233006, 0.23301, 0.23466, 0.237026, 0.238821, 0.239144, 0.24001, 0.240012, 0.240833, 0.242325, 0.242327, 0.242664, 0.242985, 0.243331, 0.243335, 0.244055, 0.245452, 0.245456, 0.245822, 0.245863, 0.246274, 0.246662, 0.246665, 0.246715, 0.2479, 0.248513, 0.248517, 0.249677, 0.250189, 0.251511, 0.251863, 0.251862, 0.252459, 0.252905, 0.252917, 0.25292, 0.253352, 0.253355, 0.253416, 0.253789, 0.256633, 0.256865, 0.256859, 0.256983, 0.257278, 0.25729, 0.258369, 0.259787, 0.259946, 0.259949, 0.263789, 0.264505, 0.265065, 0.265467, 0.265474, 0.265526, 0.265569, 0.26628, 0.266289, 0.266356, 0.266478, 0.266564, 0.266889, 0.266891, 0.268021, 0.268023, 0.268098, 0.268458, 0.268481, 0.268918, 0.268923, 0.270922, 0.272212, 0.272214, 0.27361, 0.273625, 0.277072, 0.277468, 0.277473, 0.278283, 0.280299, 0.280955, 0.28096, 0.28167, 0.284716, 0.28472, 0.285958, 0.286378, 0.286575, 0.286746, 0.28675, 0.287502, 0.290301, 0.290305, 0.290829, 0.291174, 0.291176, 0.291743, 0.291898, 0.291899, 0.292014, 0.292289, 0.29306, 0.29307, 0.29326, 0.294111, 0.294111, 0.294421, 0.29437, 0.295055, 0.295056, 0.295329, 0.295331, 0.295338, 0.295395, 0.29644, 0.296444, 0.296515, 0.296539, 0.296838, 0.296965, 0.296977, 0.296977, 0.297059, 0.297377, 0.29738, 0.297386, 0.298039, 0.298153, 0.298155, 0.298575, 0.298897, 0.2989, 0.299077, 0.30059, 0.300637, 0.300873, 0.300875, 0.30542, 0.305666, 0.308641, 0.308638, 0.308936, 0.310939, 0.311869, 0.311872, 0.311961, 0.312205, 0.313482, 0.314481, 0.314674, 0.314684, 0.314876, 0.314884, 0.315647, 0.31621, 0.316444, 0.316444, 0.31688, 0.317809, 0.318673, 0.318675, 0.319273, 0.320391, 0.320591, 0.320595, 0.321065, 0.32113, 0.321134, 0.321593, 0.321959, 0.321996, 0.322005, 0.322669, 0.322569, 0.322672, 0.323222, 0.327526, 0.32753, 0.327573, 0.328984, 0.32936, 0.331024, 0.331029, 0.331258, 0.333506, 0.333513, 0.333928, 0.334267, 0.33447, 0.334473, 0.335374, 0.335599, 0.335607, 0.337192, 0.337266, 0.337272, 0.337917, 0.338125, 0.33813, 0.344524, 0.344534, 0.34459, 0.344652, 0.351442, 0.35146, 0.351464, 0.353484, 0.354461, 0.354469, 0.356326, 0.35681, 0.357176, 0.359907, 0.359913, 0.360218, 0.360302, 0.360621, 0.360875, 0.3609, 0.360909, 0.361025, 0.361862, 0.362114, 0.362121, 0.362502, 0.362738, 0.362746, 0.363111, 0.36343, 0.36345, 0.365509, 0.365549, 0.365663, 0.365669, 0.36598, 0.367801, 0.368008, 0.368013, 0.368365, 0.36825, 0.368437, 0.369315, 0.369319, 0.369412, 0.370143, 0.370863, 0.370874, 0.371151, 0.373799, 0.373834, 0.3738, 0.374365, 0.374369, 0.374482, 0.37487, 0.375694
freqs:, 9, 0.5, 0.5, 0.333333, 0.156347, 0.0912817, 0.0921345, 0.0921383, 0.0947542, 0.0950388, 0.0951108, 0.095113, 0.0953224, 0.113553, 0.113558, 0.115057, 0.117331, 0.11773, 0.117787, 0.117804, 0.117809, 0.165244, 0.16525, 0.171113, 0.171913, 0.177166, 0.177168, 0.179565, 0.179689, 0.180337, 0.180347, 0.1811, 0.181468, 0.18592, 0.185925, 0.189333, 0.190045, 0.191747, 0.191585, 0.19177, 0.191774, 0.191878, 0.192306, 0.192307, 0.192335, 0.19349, 0.193493, 0.195884, 0.197055, 0.200119, 0.200121, 0.200286, 0.200573, 0.202034, 0.202456, 0.202456, 0.202478, 0.202542, 0.202907, 0.202974, 0.202924, 0.206166, 0.206173, 0.211508, 0.211965, 0.212311, 0.212317, 0.21279, 0.212802, 0.218713, 0.218716, 0.221212, 0.225874, 0.231587, 0.233046, 0.233048, 0.233934, 0.23718, 0.237311, 0.237313, 0.237788, 0.237965, 0.238096, 0.2381, 0.238963, 0.239743, 0.240367, 0.240373, 0.240396, 0.241401, 0.241403, 0.241782, 0.243366, 0.24549, 0.246392, 0.246395, 0.247696, 0.248109, 0.24932, 0.249323, 0.250812, 0.252916, 0.252956, 0.252961, 0.25467, 0.254674, 0.254951, 0.255234, 0.256334, 0.256932, 0.256934, 0.258004, 0.258345, 0.258365, 0.258368, 0.258727, 0.260074, 0.260623, 0.260626, 0.261435, 0.262383, 0.262392, 0.262534, 0.26254, 0.262887, 0.262983, 0.263892, 0.263902, 0.263911, 0.264292, 0.26435, 0.264484, 0.264492, 0.266709, 0.267328, 0.26733, 0.26748, 0.267906, 0.267908, 0.268113, 0.269159, 0.269732, 0.270098, 0.270517, 0.270522, 0.271798, 0.272512, 0.272516, 0.272331, 0.276493, 0.276654, 0.276658, 0.278542, 0.280152, 0.280156, 0.282118, 0.282324, 0.282604, 0.282609, 0.282875, 0.28457, 0.286375, 0.286472, 0.286473, 0.28697, 0.289476, 0.289478, 0.290117, 0.290765, 0.291098, 0.291652, 0.291657, 0.291961, 0.292324, 0.292327, 0.292524, 0.293297, 0.293329, 0.293333, 0.293338, 0.293617, 0.293789, 0.29433, 0.294333, 0.294462, 0.29491, 0.294912, 0.294914, 0.295352, 0.295354, 0.295369, 0.295748, 0.296498, 0.296565, 0.296568, 0.296571, 0.296735, 0.296819, 0.296822, 0.297715, 0.298407, 0.299152, 0.299156, 0.300054, 0.301014, 0.301015, 0.301349, 0.303182, 0.303395, 0.303563, 0.303565, 0.304629, 0.305306, 0.307129, 0.307127, 0.308037, 0.309624, 0.311216, 0.311218, 0.311224, 0.312949, 0.313078, 0.313499, 0.313744, 0.313746, 0.31447, 0.314471, 0.315869, 0.316138, 0.316228, 0.316546, 0.316552, 0.318313, 0.319013, 0.319164, 0.319167, 0.31928, 0.319913, 0.319917, 0.320327, 0.320727, 0.320733, 0.320733, 0.321219, 0.32181, 0.321819, 0.323765, 0.323357, 0.323773, 0.324564, 0.327316, 0.32732, 0.327548, 0.328864, 0.329852, 0.330538, 0.330543, 0.331692, 0.332586, 0.332593, 0.333573, 0.334064, 0.334263, 0.334267, 0.334846, 0.335582, 0.335586, 0.336796, 0.3368, 0.337312, 0.337724, 0.338548, 0.338556, 0.344307, 0.344317, 0.344659, 0.344787, 0.351477, 0.351539, 0.351543, 0.352179, 0.354919, 0.354927, 0.356705, 0.357032, 0.35831, 0.35995, 0.359955, 0.360364, 0.360493, 0.361238, 0.361201, 0.361206, 0.361647, 0.362435, 0.362442, 0.362535, 0.362677, 0.363123, 0.363253, 0.363427, 0.36344, 0.364492, 0.364503, 0.36566, 0.365664, 0.366181, 0.3662, 0.366572, 0.36764, 0.367655, 0.367668, 0.367676, 0.368723, 0.368955, 0.369484, 0.369489, 0.371478, 0.371969, 0.372273, 0.372285, 0.372586, 0.373275, 0.373285, 0.373776, 0.373856, 0.374675, 0.375213, 0.375222, 0.375876
freqs:, 10, 0.5, 0.5, 0.25, 0.15, 0.0874946, 0.0887487, 0.0887526, 0.0909633, 0.0912277, 0.0913099, 0.0913113, 0.0915573, 0.119724, 0.119729, 0.12196, 0.124241, 0.124705, 0.124712, 0.124782, 0.124788, 0.15974, 0.159746, 0.167127, 0.167982, 0.171737, 0.171747, 0.17141, 0.17156, 0.17616, 0.177181, 0.178125, 0.178126, 0.183463, 0.183467, 0.187776, 0.188503, 0.190217, 0.190022, 0.190083, 0.190088, 0.190185, 0.190762, 0.190763, 0.190791, 0.194325, 0.194328, 0.19824, 0.198545, 0.203107, 0.203109, 0.203505, 0.203975, 0.205519, 0.205905, 0.205905, 0.205963, 0.206137, 0.20664, 0.206715, 0.206659, 0.211374, 0.21138, 0.216527, 0.216533, 0.218336, 0.219192, 0.220003, 0.220117, 0.220697, 0.220709, 0.220973, 0.22172, 0.227712, 0.229523, 0.22988, 0.229881, 0.232263, 0.232263, 0.232308, 0.232633, 0.233972, 0.234835, 0.23484, 0.235022, 0.236937, 0.238005, 0.238008, 0.239933, 0.240358, 0.240386, 0.240389, 0.242735, 0.245904, 0.246913, 0.246918, 0.249045, 0.249051, 0.249396, 0.249589, 0.25135, 0.251354, 0.252178, 0.254121, 0.256377, 0.256646, 0.256649, 0.257234, 0.258313, 0.258315, 0.25852, 0.259143, 0.259212, 0.259318, 0.26014, 0.26014, 0.260222, 0.26059, 0.261691, 0.263063, 0.263066, 0.263256, 0.263518, 0.263557, 0.263562, 0.264024, 0.264202, 0.264204, 0.264379, 0.265416, 0.266302, 0.266305, 0.266712, 0.267557, 0.267845, 0.267883, 0.26789, 0.26857, 0.268947, 0.268949, 0.268959, 0.269539, 0.270502, 0.270786, 0.270789, 0.272349, 0.272715, 0.272719, 0.272821, 0.276283, 0.276679, 0.276683, 0.278166, 0.278169, 0.278313, 0.279675, 0.281176, 0.282559, 0.282562, 0.282664, 0.28367, 0.285218, 0.28522, 0.286461, 0.287149, 0.287548, 0.287549, 0.287865, 0.288464, 0.289023, 0.289661, 0.289664, 0.289916, 0.290542, 0.290788, 0.290791, 0.292044, 0.292227, 0.292701, 0.292705, 0.293395, 0.293574, 0.293947, 0.29395, 0.294047, 0.29405, 0.294481, 0.294524, 0.294529, 0.29502, 0.295024, 0.295678, 0.295796, 0.297457, 0.297462, 0.297555, 0.297797, 0.297801, 0.297997, 0.29936, 0.299992, 0.300712, 0.300716, 0.302153, 0.30323, 0.303231, 0.303347, 0.303732, 0.304501, 0.305228, 0.305232, 0.3061, 0.306122, 0.306605, 0.306602, 0.307131, 0.308014, 0.309996, 0.309998, 0.310034, 0.31173, 0.312253, 0.312254, 0.312415, 0.312832, 0.313291, 0.313293, 0.31507, 0.315853, 0.316869, 0.3173, 0.317307, 0.317498, 0.317897, 0.318118, 0.318119, 0.31933, 0.319398, 0.319406, 0.319526, 0.320016, 0.320443, 0.32045, 0.321021, 0.322386, 0.322392, 0.323916, 0.324886, 0.324895, 0.325772, 0.327164, 0.32717, 0.327413, 0.328746, 0.329783, 0.329786, 0.330098, 0.332696, 0.331574, 0.331581, 0.332995, 0.333689, 0.333693, 0.333896, 0.334013, 0.335018, 0.335021, 0.336664, 0.336668, 0.337319, 0.33742, 0.339198, 0.339207, 0.343946, 0.343955, 0.344754, 0.345, 0.351507, 0.351627, 0.351632, 0.350909, 0.355581, 0.355588, 0.357008, 0.357249, 0.359285, 0.360028, 0.360034, 0.360441, 0.360682, 0.362358, 0.361073, 0.361078, 0.361333, 0.362521, 0.362558, 0.362558, 0.362799, 0.364606, 0.364612, 0.365104, 0.365426, 0.365102, 0.365812, 0.366408, 0.366575, 0.367232, 0.367286, 0.367364, 0.367367, 0.368534, 0.368559, 0.36866, 0.3689, 0.369433, 0.369979, 0.369986, 0.372151, 0.372156, 0.372614, 0.373023, 0.374182, 0.374231, 0.374236, 0.374139, 0.375024, 0.375312, 0.375504, 0.376011, 0.37602
freqs:, 11, 0.5, 0.5, 0.166667, 0.145297, 0.0846449, 0.0862037, 0.0862078, 0.0881484, 0.0883994, 0.088491, 0.0884918, 0.0887655, 0.126168, 0.126173, 0.129224, 0.131469, 0.131981, 0.13202, 0.132102, 0.132109, 0.153611, 0.153617, 0.160138, 0.16176, 0.163614, 0.163624, 0.163278, 0.163433, 0.173993, 0.175538, 0.178144, 0.178146, 0.181869, 0.181873, 0.186633, 0.187373, 0.189109, 0.188864, 0.188872, 0.188902, 0.188965, 0.18965, 0.18965, 0.189677, 0.195925, 0.195928, 0.200218, 0.201197, 0.205899, 0.205902, 0.207002, 0.207694, 0.209339, 0.209664, 0.209665, 0.209725, 0.210089, 0.210687, 0.21078, 0.210709, 0.212204, 0.212207, 0.217232, 0.217774, 0.21939, 0.219398, 0.223411, 0.224953, 0.225473, 0.225475, 0.226894, 0.227037, 0.227333, 0.227334, 0.227392, 0.22745, 0.227563, 0.227892, 0.228369, 0.228381, 0.2292, 0.229659, 0.229665, 0.22978, 0.235889, 0.237808, 0.237812, 0.238996, 0.239526, 0.239529, 0.240403, 0.242238, 0.244172, 0.244179, 0.246898, 0.249581, 0.249585, 0.251092, 0.251445, 0.252439, 0.25256, 0.252562, 0.253048, 0.253355, 0.2543, 0.255105, 0.255117, 0.255249, 0.256562, 0.257746, 0.258471, 0.258473, 0.260089, 0.260094, 0.260108, 0.262286, 0.262574, 0.262734, 0.262808, 0.262895, 0.262901, 0.263712, 0.263716, 0.264019, 0.265213, 0.265234, 0.266467, 0.266834, 0.266838, 0.267487, 0.268122, 0.268125, 0.269202, 0.269208, 0.269237, 0.269239, 0.272022, 0.272067, 0.27207, 0.272172, 0.272999, 0.273154, 0.273159, 0.273199, 0.274565, 0.274568, 0.274623, 0.274708, 0.274854, 0.274858, 0.276164, 0.276551, 0.276731, 0.277172, 0.277174, 0.278787, 0.281989, 0.281991, 0.282681, 0.283643, 0.284386, 0.284895, 0.284897, 0.28508, 0.285628, 0.285784, 0.285787, 0.286574, 0.287076, 0.287068, 0.287254, 0.288149, 0.288274, 0.288277, 0.28854, 0.289168, 0.290388, 0.290392, 0.290685, 0.292376, 0.291277, 0.29168, 0.291684, 0.293024, 0.293863, 0.293936, 0.293945, 0.294597, 0.296519, 0.296524, 0.297099, 0.297392, 0.299206, 0.29921, 0.299326, 0.299531, 0.300214, 0.300217, 0.300713, 0.301458, 0.302303, 0.302307, 0.302867, 0.303124, 0.303683, 0.303687, 0.304905, 0.305764, 0.305767, 0.306155, 0.30639, 0.306457, 0.308114, 0.308113, 0.308668, 0.308739, 0.308914, 0.309548, 0.30955, 0.30957, 0.310519, 0.31052, 0.310907, 0.311315, 0.311807, 0.311808, 0.314613, 0.315194, 0.315959, 0.31614, 0.316142, 0.317297, 0.317338, 0.317853, 0.317859, 0.317815, 0.318243, 0.318249, 0.318422, 0.319825, 0.320842, 0.320849, 0.3228, 0.323386, 0.323391, 0.324122, 0.325566, 0.325574, 0.326691, 0.32686, 0.327427, 0.327433, 0.328759, 0.328927, 0.32893, 0.330492, 0.330717, 0.330712, 0.332192, 0.332828, 0.332831, 0.333086, 0.333262, 0.334072, 0.334075, 0.334364, 0.336775, 0.336779, 0.337057, 0.337347, 0.339963, 0.339972, 0.343459, 0.343468, 0.344855, 0.345268, 0.35152, 0.351701, 0.351705, 0.349792, 0.356321, 0.356327, 0.356803, 0.357859, 0.359996, 0.360136, 0.360144, 0.360476, 0.360671, 0.360816, 0.360662, 0.360984, 0.362461, 0.362482, 0.362487, 0.362531, 0.364174, 0.36529, 0.365295, 0.365439, 0.365877, 0.365871, 0.366006, 0.367143, 0.367453, 0.367456, 0.367774, 0.368974, 0.369024, 0.369841, 0.369844, 0.370049, 0.370714, 0.370979, 0.370989, 0.371431, 0.371581, 0.37249, 0.373622, 0.373642, 0.373873, 0.374008, 0.374588, 0.374584, 0.376084, 0.376916, 0.377558, 0.377704, 0.377712
freqs:, 12, 0.5, 0.5, 0.0833333, 0.1424, 0.0828773, 0.0846269, 0.0846312, 0.0864128, 0.0866559, 0.0867546, 0.0867549, 0.0870456, 0.132643, 0.132649, 0.136694, 0.138917, 0.139527, 0.139603, 0.139678, 0.139686, 0.147275, 0.147281, 0.15255, 0.154351, 0.155528, 0.155537, 0.155225, 0.155371, 0.173232, 0.174806, 0.178033, 0.178034, 0.180985, 0.180989, 0.185937, 0.186693, 0.18844, 0.188128, 0.188138, 0.188218, 0.188229, 0.188979, 0.188979, 0.189005, 0.197741, 0.197743, 0.201638, 0.204509, 0.206503, 0.206507, 0.210671, 0.211634, 0.213034, 0.213118, 0.213121, 0.213693, 0.213716, 0.213756, 0.21418, 0.213566, 0.215093, 0.215099, 0.215186, 0.21651, 0.219482, 0.220535, 0.220943, 0.220945, 0.222577, 0.222578, 0.222651, 0.222742, 0.224015, 0.224529, 0.224533, 0.224697, 0.224871, 0.224877, 0.23255, 0.23406, 0.234513, 0.235169, 0.235714, 0.235725, 0.23619, 0.236197, 0.236479, 0.238423, 0.238426, 0.238705, 0.240328, 0.241961, 0.241659, 0.241664, 0.246921, 0.247664, 0.248015, 0.248872, 0.249059, 0.249304, 0.249316, 0.251281, 0.251286, 0.253134, 0.253951, 0.253954, 0.254105, 0.255507, 0.255638, 0.257606, 0.258489, 0.259323, 0.259327, 0.261148, 0.261015, 0.26115, 0.262384, 0.26255, 0.262556, 0.26279, 0.263607, 0.263611, 0.263966, 0.264755, 0.265139, 0.265136, 0.266269, 0.266577, 0.266744, 0.269469, 0.27028, 0.270281, 0.271482, 0.271486, 0.273117, 0.273767, 0.273702, 0.273708, 0.273907, 0.273944, 0.274336, 0.27497, 0.274976, 0.274979, 0.276333, 0.276561, 0.276567, 0.276342, 0.277339, 0.277345, 0.277858, 0.27786, 0.278197, 0.27834, 0.278401, 0.278405, 0.280112, 0.280114, 0.281109, 0.282135, 0.282345, 0.282464, 0.282467, 0.282863, 0.283096, 0.283208, 0.283212, 0.283808, 0.283951, 0.285064, 0.285069, 0.28507, 0.286994, 0.287253, 0.287258, 0.287334, 0.287653, 0.28767, 0.287674, 0.290247, 0.290233, 0.290404, 0.292369, 0.292416, 0.293672, 0.293681, 0.294389, 0.295814, 0.297776, 0.297781, 0.298253, 0.298625, 0.299794, 0.299888, 0.299893, 0.300105, 0.30169, 0.302298, 0.302301, 0.302321, 0.303192, 0.303195, 0.303733, 0.304605, 0.304624, 0.304626, 0.305077, 0.305274, 0.306353, 0.306358, 0.306951, 0.306955, 0.307785, 0.307785, 0.308455, 0.308567, 0.308597, 0.308599, 0.309121, 0.309219, 0.310657, 0.310659, 0.311145, 0.311658, 0.311862, 0.311868, 0.313449, 0.313726, 0.314211, 0.314212, 0.314367, 0.316108, 0.316349, 0.316355, 0.31641, 0.31728, 0.317674, 0.318096, 0.318108, 0.321099, 0.321499, 0.321506, 0.324023, 0.324222, 0.324228, 0.324229, 0.325665, 0.32567, 0.326062, 0.327188, 0.327692, 0.327699, 0.328712, 0.328717, 0.328989, 0.3302, 0.330991, 0.330192, 0.331284, 0.33181, 0.331814, 0.332355, 0.333191, 0.333248, 0.33325, 0.335224, 0.33689, 0.336893, 0.336738, 0.337372, 0.340697, 0.340706, 0.342916, 0.342926, 0.344932, 0.34553, 0.351518, 0.351745, 0.351752, 0.348964, 0.356571, 0.356979, 0.356985, 0.358403, 0.360002, 0.360007, 0.360304, 0.360318, 0.360478, 0.361204, 0.360473, 0.360814, 0.362229, 0.36226, 0.362263, 0.362398, 0.365698, 0.365839, 0.365844, 0.366117, 0.366361, 0.366237, 0.366358, 0.367128, 0.367422, 0.367584, 0.367588, 0.369008, 0.36943, 0.369431, 0.36988, 0.370628, 0.37078, 0.371739, 0.372364, 0.372371, 0.373095, 0.373671, 0.37415, 0.374154, 0.374908, 0.375152, 0.377129, 0.37651, 0.377132, 0.377861, 0.378592, 0.378618, 0.378979
freqs:, 13, 0.5, 0.5, 0, 0.141421, 0.0822783, 0.0840929, 0.0840972, 0.0858259, 0.0860665, 0.086168, 0.0861681, 0.0864645, 0.137285, 0.13729, 0.142952, 0.142544, 0.14255, 0.145626, 0.146224, 0.147074, 0.147173, 0.147545, 0.147553, 0.147613, 0.147618, 0.147626, 0.147412, 0.147735, 0.173023, 0.174584, 0.177973, 0.177974, 0.180704, 0.180708, 0.185704, 0.186459, 0.188203, 0.187882, 0.187901, 0.187985, 0.187997, 0.188754, 0.188754, 0.188781, 0.198686, 0.198689, 0.202224, 0.20698, 0.205875, 0.205879, 0.2104, 0.213552, 0.215011, 0.215243, 0.21622, 0.216301, 0.216542, 0.216548, 0.216735, 0.216731, 0.217989, 0.21799, 0.218062, 0.218081, 0.218082, 0.218094, 0.218155, 0.218573, 0.21903, 0.219692, 0.219682, 0.219791, 0.219801, 0.219804, 0.21981, 0.219853, 0.228473, 0.22848, 0.233332, 0.233341, 0.233548, 0.237432, 0.238129, 0.238132, 0.239091, 0.239816, 0.240728, 0.240898, 0.240902, 0.24178, 0.24181, 0.242842, 0.242411, 0.242442, 0.242467, 0.242833, 0.242881, 0.242995, 0.243012, 0.243332, 0.248898, 0.251935, 0.251938, 0.253762, 0.254875, 0.254878, 0.255159, 0.255749, 0.256408, 0.256985, 0.258314, 0.259094, 0.259179, 0.259183, 0.261184, 0.261187, 0.262319, 0.262323, 0.262826, 0.262853, 0.262913, 0.263173, 0.263177, 0.263947, 0.267081, 0.267075, 0.267291, 0.268062, 0.268074, 0.268377, 0.269847, 0.270799, 0.271087, 0.271548, 0.271549, 0.272066, 0.273725, 0.27415, 0.275632, 0.275633, 0.277741, 0.277871, 0.277873, 0.277892, 0.278366, 0.278367, 0.278528, 0.278285, 0.278902, 0.278904, 0.279096, 0.279194, 0.279241, 0.279367, 0.279469, 0.279471, 0.279949, 0.280099, 0.280082, 0.28017, 0.280377, 0.280915, 0.280916, 0.280953, 0.281764, 0.281765, 0.282394, 0.282813, 0.282917, 0.282886, 0.282889, 0.283105, 0.283704, 0.283707, 0.284191, 0.284428, 0.287212, 0.288677, 0.288681, 0.289706, 0.289702, 0.290795, 0.292103, 0.29242, 0.293594, 0.293603, 0.294894, 0.296585, 0.29845, 0.298649, 0.298654, 0.299244, 0.299251, 0.299257, 0.299468, 0.299524, 0.303158, 0.303161, 0.303185, 0.303459, 0.304369, 0.304372, 0.30381, 0.304815, 0.304865, 0.305432, 0.305433, 0.306074, 0.306308, 0.30631, 0.306643, 0.306657, 0.306783, 0.306641, 0.306754, 0.307145, 0.308035, 0.308038, 0.310575, 0.310818, 0.310819, 0.310831, 0.31151, 0.311629, 0.31289, 0.31289, 0.31328, 0.313485, 0.313962, 0.313966, 0.314107, 0.314197, 0.314564, 0.314568, 0.315121, 0.317271, 0.31784, 0.318106, 0.318118, 0.321807, 0.321813, 0.32188, 0.323781, 0.324509, 0.324518, 0.324825, 0.325664, 0.325672, 0.325677, 0.327327, 0.327519, 0.327526, 0.329056, 0.329061, 0.329174, 0.330144, 0.33015, 0.330814, 0.331162, 0.331166, 0.331227, 0.332059, 0.332911, 0.332914, 0.333125, 0.335573, 0.336931, 0.336935, 0.336606, 0.337382, 0.341084, 0.341092, 0.3426, 0.342609, 0.344961, 0.345656, 0.348634, 0.351515, 0.351767, 0.351763, 0.356473, 0.357274, 0.357279, 0.358659, 0.359795, 0.359802, 0.360164, 0.360351, 0.360528, 0.360535, 0.360784, 0.361603, 0.361918, 0.362132, 0.362136, 0.362361, 0.366101, 0.366112, 0.366211, 0.36653, 0.366583, 0.366357, 0.366574, 0.367137, 0.367488, 0.367492, 0.368348, 0.368395, 0.369017, 0.369216, 0.369216, 0.371582, 0.370461, 0.371583, 0.372711, 0.373405, 0.373408, 0.373546, 0.374269, 0.374278, 0.374395, 0.375937, 0.376942, 0.375936, 0.377937, 0.381169, 0.381398, 0.381945, 0.381954
