freqs:, k index, k1, k2, k3, kmag/2pi, band 1, band 2, band 3, band 4, band 5, band 6, band 7, band 8, band 9, band 10, band 11, band 12, band 13, band 14, band 15, band 16, band 17, band 18, band 19, band 20, band 21, band 22, band 23, band 24, band 25, band 26, band 27, band 28, band 29, band 30, band 31, band 32, band 33, band 34, band 35, band 36, band 37, band 38, band 39, band 40, band 41, band 42, band 43, band 44, band 45, band 46, band 47, band 48, band 49, band 50, band 51, band 52, band 53, band 54, band 55, band 56, band 57, band 58, band 59, band 60, band 61, band 62, band 63, band 64, band 65, band 66, band 67, band 68, band 69, band 70, band 71, band 72, band 73, band 74, band 75, band 76, band 77, band 78, band 79, band 80, band 81, band 82, band 83, band 84, band 85, band 86, band 87, band 88, band 89, band 90, band 91, band 92, band 93, band 94, band 95, band 96, band 97, band 98, band 99, band 100, band 101, band 102, band 103, band 104, band 105, band 106, band 107, band 108, band 109, band 110, band 111, band 112, band 113, band 114, band 115, band 116, band 117, band 118, band 119, band 120, band 121, band 122, band 123, band 124, band 125, band 126, band 127, band 128, band 129, band 130, band 131, band 132, band 133, band 134, band 135, band 136, band 137, band 138, band 139, band 140, band 141, band 142, band 143, band 144, band 145, band 146, band 147, band 148, band 149, band 150, band 151, band 152, band 153, band 154, band 155, band 156, band 157, band 158, band 159, band 160, band 161, band 162, band 163, band 164, band 165, band 166, band 167, band 168, band 169, band 170, band 171, band 172, band 173, band 174, band 175, band 176, band 177, band 178, band 179, band 180, band 181, band 182, band 183, band 184, band 185, band 186, band 187, band 188, band 189, band 190, band 191, band 192, band 193, band 194, band 195, band 196, band 197, band 198, band 199, band 200, band 201, band 202, band 203, band 204, band 205, band 206, band 207, band 208, band 209, band 210, band 211, band 212, band 213, band 214, band 215, band 216, band 217, band 218, band 219, band 220, band 221, band 222, band 223, band 224, band 225, band 226, band 227, band 228, band 229, band 230, band 231, band 232, band 233, band 234, band 235, band 236, band 237, band 238, band 239, band 240, band 241, band 242, band 243, band 244, band 245, band 246, band 247, band 248, band 249, band 250, band 251, band 252, band 253, band 254, band 255, band 256, band 257, band 258, band 259, band 260, band 261, band 262, band 263, band 264, band 265, band 266, band 267, band 268, band 269, band 270, band 271, band 272, band 273, band 274, band 275, band 276, band 277, band 278, band 279, band 280, band 281, band 282, band 283, band 284, band 285, band 286, band 287, band 288, band 289, band 290, band 291, band 292, band 293, band 294, band 295, band 296, band 297, band 298, band 299, band 300, band 301, band 302, band 303, band 304, band 305, band 306, band 307, band 308, band 309, band 310, band 311, band 312, band 313, band 314, band 315, band 316, band 317, band 318, band 319, band 320, band 321, band 322, band 323, band 324, band 325
freqs:, 1, 0, 0, 0, 0, 0, 0, 0.115482, 0.115485, 0.115488, 0.120173, 0.120178, 0.12018, 0.121159, 0.12116, 0.121165, 0.121574, 0.121577, 0.121571, 0.157574, 0.157576, 0.157576, 0.160059, 0.16006, 0.160063, 0.16635, 0.166352, 0.168318, 0.168326, 0.168319, 0.168595, 0.169036, 0.169037, 0.169039, 0.169296, 0.169299, 0.1693, 0.169442, 0.169445, 0.169449, 0.169707, 0.169716, 0.169965, 0.192202, 0.192203, 0.192206, 0.19694, 0.196944, 0.196944, 0.200453, 0.200458, 0.202682, 0.202687, 0.202819, 0.202823, 0.202824, 0.203432, 0.203432, 0.203436, 0.215813, 0.215816, 0.215818, 0.223062, 0.223066, 0.22307, 0.227617, 0.22762, 0.227626, 0.228781, 0.228789, 0.228792, 0.235479, 0.235482, 0.235479, 0.23869, 0.238695, 0.238698, 0.242088, 0.242091, 0.243761, 0.243765, 0.243767, 0.245256, 0.245259, 0.245952, 0.245953, 0.245956, 0.250986, 0.250987, 0.250988, 0.251652, 0.25191, 0.252099, 0.2521, 0.252101, 0.252346, 0.252348, 0.253079, 0.253081, 0.253085, 0.253094, 0.253444, 0.253445, 0.253464, 0.253481, 0.253486, 0.253461, 0.254577, 0.254583, 0.254586, 0.255098, 0.255106, 0.255119, 0.255149, 0.255154, 0.255189, 0.255272, 0.255201, 0.255289, 0.2625, 0.262504, 0.262506, 0.262788, 0.262792, 0.263135, 0.263137, 0.26314, 0.263668, 0.263666, 0.264804, 0.264805, 0.264807, 0.266906, 0.266906, 0.266908, 0.270738, 0.270739, 0.27074, 0.271053, 0.271008, 0.271057, 0.271061, 0.271245, 0.271474, 0.271475, 0.271476, 0.271601, 0.271929, 0.271948, 0.271989, 0.271932, 0.271959, 0.271976, 0.27199, 0.272007, 0.272166, 0.272179, 0.272208, 0.272337, 0.27234, 0.27239, 0.272301, 0.272492, 0.272519, 0.272558, 0.272577, 0.272581, 0.281484, 0.281489, 0.281489, 0.282626, 0.282629, 0.282626, 0.287716, 0.287719, 0.290378, 0.290382, 0.290384, 0.293245, 0.29325, 0.294201, 0.294203, 0.294209, 0.297139, 0.298678, 0.298678, 0.298682, 0.298852, 0.298856, 0.298861, 0.299537, 0.300682, 0.300686, 0.300691, 0.303141, 0.303141, 0.303143, 0.30366, 0.303664, 0.304638, 0.304643, 0.304647, 0.305812, 0.305816, 0.306162, 0.306161, 0.306164, 0.307209, 0.307211, 0.307215, 0.309113, 0.309309, 0.309429, 0.309432, 0.309434, 0.309793, 0.309788, 0.309791, 0.309887, 0.310166, 0.310167, 0.31017, 0.310449, 0.31045, 0.310697, 0.310701, 0.310702, 0.311809, 0.311812, 0.311828, 0.311834, 0.311836, 0.311841, 0.311846, 0.311849, 0.312026, 0.312248, 0.312296, 0.312222, 0.312311, 0.312357, 0.312376, 0.312658, 0.312674, 0.312679, 0.319084, 0.319087, 0.322796, 0.325273, 0.325268, 0.325273, 0.327036, 0.327041, 0.327113, 0.327114, 0.327117, 0.330323, 0.330325, 0.330329, 0.332103, 0.332084, 0.332088, 0.332559, 0.332568, 0.332573, 0.333185, 0.333191, 0.334335, 0.334337, 0.33434, 0.335633, 0.335625, 0.335628, 0.338356, 0.338358, 0.345227, 0.352009, 0.352012, 0.352016, 0.354226, 0.354227, 0.354232, 0.357277, 0.358206, 0.358206, 0.358212, 0.359856, 0.36659, 0.366593, 0.366597, 0.370374, 0.370378, 0.370541, 0.370378, 0.374728, 0.374732, 0.374733, 0.375572, 0.375587, 0.375642, 0.375646, 0.37566, 0.375693, 0.375696, 0.375665, 0.37613, 0.376134, 0.376136, 0.376659, 0.376661, 0.376663, 0.37743, 0.377433, 0.37893, 0.380507, 0.380809, 0.380823, 0.380835, 0.381088, 0.381095, 0.381108, 0.381138, 0.381145, 0.381163, 0.381904, 0.381925, 0.381915, 0.382179, 0.382184, 0.382188
freqs:, 2, 0.0833333, 0.0833333, 0.0833333, 0.0288675, 0.0175052, 0.0175058, 0.108813, 0.109301, 0.109304, 0.111907, 0.112203, 0.112206, 0.127846, 0.127849, 0.129253, 0.131349, 0.131845, 0.131847, 0.149545, 0.149547, 0.153053, 0.153922, 0.155782, 0.155785, 0.163031, 0.163032, 0.162241, 0.163363, 0.166543, 0.166544, 0.169499, 0.1695, 0.169899, 0.169899, 0.170034, 0.170349, 0.176414, 0.176416, 0.180627, 0.182165, 0.182372, 0.182376, 0.18416, 0.184165, 0.191643, 0.194119, 0.194121, 0.19467, 0.196599, 0.196603, 0.203116, 0.203118, 0.204402, 0.206225, 0.206243, 0.206247, 0.212189, 0.212192, 0.215236, 0.215977, 0.215982, 0.218353, 0.220553, 0.220556, 0.226595, 0.226597, 0.226939, 0.23085, 0.230854, 0.23126, 0.234866, 0.234869, 0.236144, 0.2365, 0.238646, 0.238647, 0.239661, 0.239662, 0.24263, 0.242632, 0.242906, 0.242629, 0.243494, 0.243496, 0.244636, 0.245005, 0.245007, 0.245067, 0.246447, 0.24645, 0.248515, 0.248516, 0.249264, 0.249265, 0.249613, 0.249871, 0.251697, 0.251902, 0.251905, 0.251907, 0.253037, 0.253042, 0.253743, 0.253743, 0.255729, 0.255732, 0.255744, 0.256274, 0.256674, 0.256675, 0.257384, 0.259051, 0.259306, 0.259307, 0.259521, 0.259694, 0.260117, 0.260117, 0.260859, 0.260861, 0.261381, 0.261381, 0.261661, 0.262077, 0.26251, 0.262374, 0.26255, 0.264142, 0.264145, 0.264403, 0.264656, 0.264659, 0.266263, 0.266264, 0.266417, 0.266857, 0.26791, 0.268103, 0.268105, 0.268235, 0.268688, 0.268689, 0.269617, 0.269617, 0.270471, 0.270472, 0.271003, 0.272077, 0.272089, 0.272091, 0.273036, 0.273999, 0.274314, 0.274318, 0.275804, 0.275808, 0.276561, 0.276728, 0.276566, 0.276728, 0.277077, 0.277079, 0.278839, 0.278842, 0.279759, 0.281471, 0.281731, 0.281772, 0.281773, 0.282868, 0.283342, 0.283344, 0.286049, 0.286052, 0.289574, 0.289578, 0.289858, 0.292004, 0.292826, 0.292828, 0.294689, 0.295526, 0.295529, 0.296415, 0.29642, 0.297114, 0.298112, 0.298117, 0.298117, 0.300128, 0.300131, 0.30088, 0.301334, 0.30174, 0.301916, 0.30192, 0.30301, 0.303013, 0.30351, 0.303511, 0.304069, 0.304076, 0.30473, 0.304737, 0.305285, 0.305286, 0.305813, 0.306068, 0.306954, 0.306958, 0.307368, 0.307556, 0.307838, 0.307833, 0.30853, 0.308533, 0.308798, 0.309444, 0.309446, 0.309518, 0.309889, 0.30989, 0.310374, 0.310742, 0.310739, 0.311385, 0.31158, 0.311582, 0.31224, 0.312474, 0.312476, 0.312638, 0.313254, 0.313256, 0.313905, 0.314394, 0.314398, 0.314457, 0.314941, 0.314946, 0.31662, 0.317408, 0.317592, 0.317595, 0.319091, 0.319095, 0.322591, 0.323595, 0.3236, 0.325089, 0.326776, 0.326778, 0.327457, 0.327666, 0.327669, 0.329367, 0.329435, 0.329373, 0.331418, 0.331421, 0.332446, 0.332807, 0.332812, 0.332924, 0.333584, 0.33359, 0.334839, 0.335052, 0.335051, 0.335532, 0.336829, 0.336834, 0.338245, 0.338248, 0.345167, 0.351974, 0.351977, 0.351986, 0.352624, 0.353975, 0.353975, 0.356428, 0.358566, 0.358566, 0.359574, 0.36108, 0.366372, 0.366454, 0.36646, 0.369757, 0.369294, 0.369758, 0.370542, 0.371552, 0.371557, 0.373593, 0.373594, 0.373889, 0.374271, 0.374915, 0.374923, 0.375295, 0.375375, 0.375379, 0.375577, 0.37563, 0.375672, 0.375681, 0.376586, 0.376588, 0.377064, 0.377098, 0.376933, 0.377395, 0.377713, 0.377715, 0.377717, 0.379172, 0.379175, 0.379326, 0.379692, 0.379697, 0.3805, 0.380267, 0.380286, 0.380547, 0.38083, 0.380835, 0.381134
freqs:, 3, 0.166667, 0.166667, 0.166667, 0.057735, 0.0349742, 0.0349754, 0.101877, 0.102995, 0.102998, 0.104997, 0.105196, 0.105197, 0.136115, 0.136118, 0.138883, 0.140534, 0.140537, 0.141503, 0.143219, 0.14335, 0.143353, 0.143567, 0.143667, 0.14367, 0.163747, 0.164942, 0.165749, 0.165751, 0.167015, 0.167018, 0.171041, 0.171043, 0.17188, 0.171881, 0.172536, 0.172542, 0.172784, 0.172541, 0.186259, 0.186262, 0.188453, 0.191098, 0.191125, 0.191125, 0.193773, 0.193777, 0.195121, 0.196313, 0.196224, 0.196227, 0.204098, 0.2041, 0.205173, 0.210019, 0.210021, 0.2101, 0.214216, 0.21422, 0.215063, 0.214389, 0.215223, 0.215225, 0.220711, 0.220714, 0.22338, 0.227093, 0.22719, 0.227194, 0.230211, 0.230214, 0.231094, 0.231096, 0.233125, 0.233626, 0.234122, 0.234126, 0.235147, 0.236767, 0.236769, 0.237364, 0.239199, 0.239197, 0.24188, 0.241881, 0.242733, 0.242737, 0.243665, 0.243666, 0.243945, 0.244393, 0.246161, 0.246162, 0.247916, 0.248032, 0.248173, 0.248176, 0.248857, 0.249152, 0.249155, 0.249216, 0.252027, 0.252028, 0.252826, 0.252823, 0.253173, 0.253292, 0.255122, 0.255126, 0.256795, 0.256798, 0.256804, 0.257336, 0.25867, 0.258674, 0.25893, 0.259264, 0.259768, 0.259769, 0.260484, 0.260486, 0.261233, 0.261235, 0.261714, 0.262431, 0.262464, 0.262451, 0.264064, 0.26537, 0.265373, 0.265697, 0.267338, 0.267338, 0.269061, 0.269063, 0.269157, 0.269652, 0.269763, 0.269769, 0.270118, 0.270124, 0.270919, 0.271361, 0.271364, 0.271797, 0.272384, 0.272386, 0.272762, 0.273228, 0.273635, 0.273637, 0.274844, 0.277205, 0.277208, 0.278002, 0.278006, 0.278242, 0.278576, 0.279581, 0.279578, 0.279599, 0.280355, 0.280355, 0.282074, 0.282115, 0.282267, 0.28227, 0.283238, 0.28324, 0.286088, 0.286231, 0.286233, 0.286426, 0.286429, 0.287307, 0.289489, 0.289569, 0.289573, 0.291023, 0.291025, 0.291971, 0.29208, 0.292851, 0.292855, 0.294246, 0.294345, 0.294347, 0.295707, 0.29586, 0.295862, 0.297224, 0.298238, 0.298573, 0.298574, 0.299286, 0.299288, 0.29959, 0.300817, 0.30082, 0.301585, 0.302383, 0.302386, 0.302445, 0.304152, 0.304249, 0.304251, 0.304775, 0.304777, 0.30522, 0.305619, 0.305621, 0.306237, 0.30624, 0.306911, 0.307912, 0.308322, 0.308322, 0.308597, 0.308815, 0.308817, 0.309714, 0.3109, 0.310902, 0.311738, 0.312253, 0.312248, 0.312644, 0.31274, 0.312742, 0.313469, 0.3142, 0.314219, 0.31422, 0.3156, 0.315604, 0.316586, 0.31636, 0.316365, 0.316929, 0.317615, 0.317619, 0.318904, 0.318907, 0.320471, 0.321095, 0.3211, 0.3223, 0.3229, 0.322909, 0.322911, 0.32488, 0.325362, 0.325366, 0.327528, 0.32753, 0.327534, 0.328319, 0.329365, 0.329361, 0.33112, 0.331123, 0.332846, 0.332849, 0.333177, 0.333721, 0.334428, 0.334431, 0.335737, 0.336222, 0.335418, 0.336217, 0.33702, 0.337029, 0.339713, 0.339718, 0.344998, 0.350035, 0.351852, 0.351857, 0.351903, 0.353476, 0.353479, 0.355795, 0.359346, 0.359347, 0.3596, 0.364002, 0.365637, 0.365799, 0.365804, 0.367421, 0.367419, 0.367797, 0.368405, 0.36841, 0.369212, 0.370269, 0.370271, 0.370738, 0.370861, 0.371, 0.37101, 0.371681, 0.371684, 0.372404, 0.372856, 0.374587, 0.374592, 0.374623, 0.374843, 0.374902, 0.374907, 0.375232, 0.375222, 0.375533, 0.375615, 0.375622, 0.375922, 0.375926, 0.376075, 0.376282, 0.3763, 0.376301, 0.377453, 0.377443, 0.377686, 0.378017, 0.378026, 0.378506, 0.379579
freqs:, 4, 0.25, 0.25, 0.25, 0.0866025, 0.0523664, 0.0523681, 0.0973204, 0.0989189, 0.0989209, 0.100578, 0.100693, 0.100694, 0.127474, 0.127476, 0.129355, 0.130756, 0.131577, 0.13158, 0.149058, 0.149061, 0.15298, 0.153565, 0.15357, 0.154955, 0.156137, 0.15614, 0.167714, 0.168077, 0.169854, 0.169856, 0.172917, 0.172918, 0.175685, 0.175686, 0.176501, 0.176502, 0.176608, 0.176744, 0.187712, 0.187713, 0.188437, 0.189777, 0.191232, 0.191236, 0.197126, 0.197128, 0.201448, 0.201822, 0.201444, 0.204898, 0.207715, 0.207718, 0.208212, 0.209581, 0.209584, 0.209635, 0.213459, 0.213462, 0.214925, 0.218081, 0.218777, 0.218779, 0.220145, 0.22015, 0.220873, 0.221164, 0.221621, 0.221621, 0.222878, 0.22288, 0.223448, 0.224439, 0.224444, 0.22464, 0.230788, 0.230792, 0.231658, 0.234467, 0.234469, 0.234782, 0.235771, 0.235768, 0.236427, 0.238109, 0.238986, 0.238989, 0.24137, 0.241371, 0.243678, 0.24368, 0.245165, 0.245167, 0.246787, 0.247002, 0.249224, 0.249225, 0.249231, 0.249424, 0.250178, 0.250179, 0.251731, 0.251734, 0.253366, 0.252903, 0.253253, 0.253365, 0.255708, 0.25571, 0.256714, 0.257285, 0.257457, 0.257459, 0.257876, 0.257878, 0.257587, 0.25834, 0.258638, 0.25864, 0.260495, 0.260498, 0.261768, 0.262079, 0.26208, 0.262424, 0.263582, 0.263582, 0.265931, 0.265933, 0.266068, 0.267741, 0.26775, 0.267752, 0.26794, 0.26823, 0.268232, 0.269547, 0.269547, 0.271461, 0.271462, 0.272014, 0.272331, 0.273306, 0.27331, 0.274634, 0.275794, 0.276235, 0.276596, 0.276593, 0.278113, 0.27856, 0.278563, 0.278619, 0.278622, 0.279759, 0.280392, 0.280396, 0.280749, 0.280751, 0.281165, 0.28215, 0.282215, 0.282219, 0.282261, 0.283565, 0.283565, 0.284034, 0.284225, 0.28423, 0.285028, 0.284983, 0.285028, 0.285609, 0.286682, 0.286685, 0.287087, 0.287228, 0.28802, 0.288021, 0.29026, 0.290263, 0.293416, 0.293419, 0.294552, 0.294554, 0.294632, 0.294968, 0.296098, 0.2961, 0.297473, 0.297776, 0.298305, 0.298288, 0.29829, 0.298685, 0.298688, 0.299509, 0.299978, 0.29998, 0.300293, 0.300545, 0.300546, 0.300914, 0.302252, 0.302599, 0.3026, 0.303292, 0.303293, 0.303524, 0.304886, 0.304889, 0.30569, 0.305691, 0.305694, 0.306659, 0.307945, 0.307946, 0.308831, 0.310604, 0.310607, 0.311775, 0.31178, 0.311793, 0.312489, 0.312495, 0.31346, 0.313467, 0.31361, 0.313933, 0.314418, 0.314421, 0.315918, 0.315974, 0.316286, 0.316291, 0.317977, 0.317956, 0.318602, 0.318625, 0.31864, 0.318981, 0.319997, 0.320023, 0.320024, 0.321934, 0.321936, 0.324073, 0.323787, 0.324069, 0.325024, 0.32607, 0.326299, 0.326301, 0.327022, 0.327334, 0.327336, 0.3295, 0.330633, 0.330618, 0.331263, 0.331278, 0.332334, 0.332339, 0.333408, 0.334641, 0.335389, 0.335396, 0.336386, 0.336481, 0.335946, 0.336386, 0.337356, 0.337359, 0.341734, 0.34174, 0.344755, 0.347765, 0.351663, 0.351668, 0.351759, 0.353084, 0.353089, 0.355114, 0.35929, 0.360068, 0.360069, 0.363517, 0.363543, 0.363547, 0.364373, 0.365063, 0.365058, 0.365446, 0.365458, 0.365513, 0.366952, 0.366961, 0.367466, 0.367986, 0.367991, 0.36804, 0.368763, 0.368821, 0.368827, 0.3695, 0.369506, 0.370263, 0.370312, 0.370316, 0.370656, 0.370684, 0.37144, 0.371449, 0.372008, 0.372431, 0.372814, 0.372818, 0.373644, 0.374023, 0.374028, 0.37542, 0.375423, 0.375798, 0.375944, 0.375935, 0.376136, 0.376537, 0.376541, 0.376767, 0.377334
freqs:, 5, 0.333333, 0.333333, 0.333333, 0.11547, 0.069625, 0.0696273, 0.095621, 0.0974965, 0.097498, 0.0990239, 0.0990936, 0.0990937, 0.117867, 0.117869, 0.118827, 0.120447, 0.120995, 0.120997, 0.137403, 0.137408, 0.159014, 0.159017, 0.164042, 0.165729, 0.169034, 0.169037, 0.173328, 0.1739, 0.175569, 0.175571, 0.17739, 0.177392, 0.180869, 0.18087, 0.18195, 0.181952, 0.182113, 0.182095, 0.186954, 0.186954, 0.189126, 0.189592, 0.191193, 0.191197, 0.195317, 0.195318, 0.199269, 0.201655, 0.19997, 0.20166, 0.205901, 0.205903, 0.208834, 0.209771, 0.210623, 0.210626, 0.21207, 0.212071, 0.213167, 0.213163, 0.213863, 0.214527, 0.214531, 0.214788, 0.218615, 0.219504, 0.219509, 0.221942, 0.222221, 0.22223, 0.222403, 0.222409, 0.222883, 0.222886, 0.225107, 0.227666, 0.22767, 0.228089, 0.228094, 0.22895, 0.235937, 0.234128, 0.235942, 0.237867, 0.239205, 0.239206, 0.242321, 0.242322, 0.244592, 0.244595, 0.246506, 0.247075, 0.248234, 0.248235, 0.249299, 0.249302, 0.250011, 0.25032, 0.250321, 0.2505, 0.251614, 0.25162, 0.252523, 0.253524, 0.253886, 0.253891, 0.254114, 0.25479, 0.254791, 0.255251, 0.257392, 0.257393, 0.25913, 0.259131, 0.260398, 0.260839, 0.261281, 0.261284, 0.261564, 0.261568, 0.261595, 0.262529, 0.262532, 0.264025, 0.264029, 0.264146, 0.264609, 0.265165, 0.265169, 0.265857, 0.267868, 0.26787, 0.268348, 0.268608, 0.26861, 0.269719, 0.269293, 0.269526, 0.269723, 0.270758, 0.270762, 0.271008, 0.271011, 0.272502, 0.273101, 0.273693, 0.273698, 0.274237, 0.274242, 0.274769, 0.277644, 0.279266, 0.279267, 0.280646, 0.280997, 0.281, 0.281984, 0.282334, 0.283531, 0.283535, 0.284481, 0.284482, 0.284808, 0.285277, 0.285279, 0.287112, 0.287117, 0.287316, 0.288279, 0.287995, 0.287998, 0.288052, 0.288913, 0.288914, 0.29058, 0.290808, 0.29081, 0.290881, 0.291517, 0.291519, 0.29263, 0.292631, 0.293086, 0.294258, 0.294402, 0.294406, 0.296026, 0.296381, 0.296383, 0.296794, 0.296798, 0.297036, 0.298113, 0.298343, 0.298345, 0.299297, 0.300022, 0.300024, 0.300543, 0.30101, 0.301011, 0.301784, 0.301585, 0.301783, 0.302762, 0.302767, 0.303525, 0.30384, 0.303842, 0.304095, 0.304767, 0.305109, 0.305113, 0.306434, 0.306434, 0.306951, 0.309132, 0.309134, 0.310051, 0.311837, 0.311841, 0.312662, 0.313131, 0.313132, 0.314364, 0.314368, 0.314951, 0.315417, 0.316337, 0.316338, 0.316944, 0.317596, 0.317603, 0.31859, 0.318823, 0.31882, 0.318821, 0.320057, 0.320173, 0.320175, 0.32062, 0.320624, 0.320734, 0.321485, 0.321486, 0.322351, 0.32365, 0.325187, 0.325189, 0.326325, 0.326329, 0.327329, 0.328903, 0.328905, 0.330521, 0.330629, 0.331049, 0.331042, 0.331957, 0.331962, 0.3328, 0.332804, 0.333373, 0.335374, 0.335911, 0.335914, 0.336256, 0.336258, 0.336928, 0.336933, 0.338026, 0.338027, 0.343288, 0.343295, 0.344496, 0.346049, 0.351469, 0.351472, 0.35157, 0.353059, 0.353062, 0.354552, 0.358399, 0.359676, 0.35968, 0.36154, 0.361546, 0.362027, 0.362536, 0.363087, 0.362546, 0.362666, 0.363341, 0.363348, 0.364234, 0.36426, 0.364272, 0.364581, 0.364595, 0.364829, 0.365888, 0.365851, 0.365854, 0.366511, 0.366514, 0.367493, 0.367509, 0.367511, 0.36899, 0.369053, 0.369061, 0.369424, 0.369598, 0.370266, 0.370269, 0.372038, 0.372044, 0.372281, 0.37234, 0.373121, 0.373126, 0.373683, 0.374218, 0.374215, 0.375339, 0.375341, 0.375546, 0.375848, 0.376545
freqs:, 6, 0.416667, 0.416667, 0.416667, 0.144338, 0.0865874, 0.0865901, 0.0967996, 0.0988699, 0.0988709, 0.100467, 0.100567, 0.100568, 0.109681, 0.109682, 0.110018, 0.11165, 0.111983, 0.111986, 0.12107, 0.121074, 0.16709, 0.167092, 0.170988, 0.171656, 0.177014, 0.177015, 0.182628, 0.182631, 0.183611, 0.183785, 0.18495, 0.184954, 0.187242, 0.187243, 0.188567, 0.188569, 0.188879, 0.188662, 0.189297, 0.189298, 0.190996, 0.191562, 0.192604, 0.192607, 0.194217, 0.194217, 0.196245, 0.196927, 0.197736, 0.197739, 0.200256, 0.20026, 0.202038, 0.202239, 0.203388, 0.20339, 0.204034, 0.204035, 0.204766, 0.205183, 0.205185, 0.205436, 0.207501, 0.207506, 0.209262, 0.209665, 0.209727, 0.209729, 0.218751, 0.218754, 0.221978, 0.230421, 0.230424, 0.230508, 0.234727, 0.235689, 0.235692, 0.235876, 0.235879, 0.238101, 0.238419, 0.23842, 0.238554, 0.24104, 0.241043, 0.241262, 0.242266, 0.242268, 0.244536, 0.24454, 0.246561, 0.246921, 0.246767, 0.246769, 0.248203, 0.248204, 0.248648, 0.248873, 0.248874, 0.249343, 0.250834, 0.251659, 0.251659, 0.252175, 0.252506, 0.252508, 0.253513, 0.255239, 0.255242, 0.255712, 0.25582, 0.255824, 0.257337, 0.258159, 0.258148, 0.259381, 0.259478, 0.259828, 0.259829, 0.262375, 0.26238, 0.263216, 0.263903, 0.263905, 0.264213, 0.26445, 0.264451, 0.264464, 0.264718, 0.26472, 0.265704, 0.265948, 0.265949, 0.266616, 0.266941, 0.266943, 0.267946, 0.267948, 0.267994, 0.268732, 0.268937, 0.26894, 0.269756, 0.271718, 0.271721, 0.272404, 0.272499, 0.272495, 0.276347, 0.27635, 0.277991, 0.279725, 0.279727, 0.280439, 0.280442, 0.280747, 0.28443, 0.285728, 0.283956, 0.283959, 0.286874, 0.286877, 0.287775, 0.287778, 0.289606, 0.289608, 0.28974, 0.290378, 0.290601, 0.290891, 0.290894, 0.291706, 0.291708, 0.292225, 0.292515, 0.292518, 0.29267, 0.293398, 0.293399, 0.293843, 0.293829, 0.293902, 0.293959, 0.29396, 0.294739, 0.29474, 0.295029, 0.295536, 0.295538, 0.29672, 0.296723, 0.296942, 0.296945, 0.297032, 0.297411, 0.297911, 0.298348, 0.298352, 0.299132, 0.299173, 0.299179, 0.299515, 0.299502, 0.299503, 0.300176, 0.300177, 0.300682, 0.301814, 0.301816, 0.302017, 0.304906, 0.304908, 0.309311, 0.307652, 0.307654, 0.309057, 0.311368, 0.31137, 0.312499, 0.312499, 0.313201, 0.313233, 0.313735, 0.313737, 0.315359, 0.315362, 0.315545, 0.315983, 0.315984, 0.316304, 0.317084, 0.318801, 0.318804, 0.319132, 0.3194, 0.318847, 0.319397, 0.320577, 0.320733, 0.320735, 0.320919, 0.321623, 0.321628, 0.321966, 0.32204, 0.322046, 0.322913, 0.323847, 0.32385, 0.327156, 0.327158, 0.327612, 0.329292, 0.329294, 0.330813, 0.331054, 0.332963, 0.330816, 0.333127, 0.333131, 0.33392, 0.334254, 0.334256, 0.335536, 0.335539, 0.335643, 0.33682, 0.336821, 0.337123, 0.337685, 0.338134, 0.338136, 0.344259, 0.344265, 0.3443, 0.344973, 0.351324, 0.351328, 0.35136, 0.353598, 0.353605, 0.354303, 0.357347, 0.35751, 0.357516, 0.360426, 0.360594, 0.360598, 0.361233, 0.361244, 0.361144, 0.361203, 0.361216, 0.36147, 0.362073, 0.362076, 0.362267, 0.363003, 0.363122, 0.363134, 0.363745, 0.363641, 0.363643, 0.365485, 0.365487, 0.366108, 0.36613, 0.366131, 0.367963, 0.368208, 0.368217, 0.368244, 0.368761, 0.368763, 0.368816, 0.369911, 0.369913, 0.370335, 0.370824, 0.372129, 0.372137, 0.373661, 0.374026, 0.37365, 0.374651, 0.374658, 0.374936, 0.375435, 0.375438
freqs:, 7, 0.5, 0.5, 0.5, 0.173205, 0.0989679, 0.0989692, 0.0989737, 0.104253, 0.104256, 0.104258, 0.104887, 0.10489, 0.105258, 0.105271, 0.105273, 0.105339, 0.105342, 0.105374, 0.105374, 0.105376, 0.172354, 0.172357, 0.172359, 0.174354, 0.174357, 0.17436, 0.191707, 0.191709, 0.191713, 0.192127, 0.19213, 0.194658, 0.194665, 0.194666, 0.195278, 0.195282, 0.196108, 0.196106, 0.19612, 0.196121, 0.196438, 0.196452, 0.196452, 0.196456, 0.196614, 0.196616, 0.196635, 0.196659, 0.196615, 0.196622, 0.196631, 0.196649, 0.196653, 0.196656, 0.196677, 0.196679, 0.196719, 0.196722, 0.19674, 0.196641, 0.196646, 0.196653, 0.196655, 0.196686, 0.196692, 0.196703, 0.196749, 0.196781, 0.222353, 0.222356, 0.22235, 0.232322, 0.232325, 0.232328, 0.235814, 0.235818, 0.240013, 0.240017, 0.240784, 0.240787, 0.240789, 0.244344, 0.244345, 0.244346, 0.247373, 0.247674, 0.247676, 0.247677, 0.247701, 0.247704, 0.247708, 0.247728, 0.248042, 0.248047, 0.248051, 0.248166, 0.248168, 0.248169, 0.248338, 0.24834, 0.249257, 0.249257, 0.249261, 0.249073, 0.251044, 0.251047, 0.251355, 0.251356, 0.25136, 0.251516, 0.251518, 0.251531, 0.251559, 0.251561, 0.251541, 0.251557, 0.258507, 0.258513, 0.258516, 0.259938, 0.259941, 0.259947, 0.264553, 0.264558, 0.26604, 0.266039, 0.266042, 0.266261, 0.266265, 0.266305, 0.26703, 0.267032, 0.267033, 0.267182, 0.267189, 0.267291, 0.267178, 0.267355, 0.267358, 0.267364, 0.268222, 0.268223, 0.268225, 0.271481, 0.271483, 0.271485, 0.274299, 0.274295, 0.278268, 0.278273, 0.278405, 0.278411, 0.278413, 0.281027, 0.28103, 0.281031, 0.286341, 0.286886, 0.286341, 0.286345, 0.286879, 0.286883, 0.288863, 0.288866, 0.28887, 0.289237, 0.289244, 0.290032, 0.290035, 0.290029, 0.291824, 0.291828, 0.292712, 0.293019, 0.293021, 0.293024, 0.294547, 0.294548, 0.29455, 0.294957, 0.295712, 0.295713, 0.295715, 0.296142, 0.296142, 0.296146, 0.296395, 0.2964, 0.296719, 0.296721, 0.296752, 0.296977, 0.297068, 0.297074, 0.297077, 0.297133, 0.297139, 0.297144, 0.298157, 0.298171, 0.298207, 0.298447, 0.298406, 0.298408, 0.298411, 0.298428, 0.298436, 0.298634, 0.298645, 0.298645, 0.305693, 0.305696, 0.309412, 0.30941, 0.309413, 0.31161, 0.311614, 0.311831, 0.311837, 0.311841, 0.314634, 0.314637, 0.314997, 0.31502, 0.314645, 0.314998, 0.315007, 0.315056, 0.317284, 0.317286, 0.31729, 0.317721, 0.317722, 0.317725, 0.319925, 0.321078, 0.321082, 0.321087, 0.321351, 0.321354, 0.32136, 0.321928, 0.321936, 0.322208, 0.322212, 0.322223, 0.321942, 0.322161, 0.322163, 0.327545, 0.327547, 0.32755, 0.328941, 0.328943, 0.331123, 0.331126, 0.331133, 0.334029, 0.334036, 0.334041, 0.334284, 0.334287, 0.33429, 0.335502, 0.335504, 0.335509, 0.33719, 0.33719, 0.337181, 0.337926, 0.337931, 0.337941, 0.344228, 0.34459, 0.344597, 0.344604, 0.351258, 0.351265, 0.351269, 0.354284, 0.354292, 0.354293, 0.356182, 0.356188, 0.356874, 0.359874, 0.359877, 0.359889, 0.360271, 0.360275, 0.360226, 0.360636, 0.360645, 0.360654, 0.361897, 0.361902, 0.361905, 0.362436, 0.362456, 0.362464, 0.363155, 0.363139, 0.363144, 0.365489, 0.365491, 0.365614, 0.365616, 0.365621, 0.36793, 0.368113, 0.368115, 0.368121, 0.368628, 0.368634, 0.368731, 0.369419, 0.369421, 0.369425, 0.370166, 0.370174, 0.370184, 0.373318, 0.375142, 0.373302, 0.373317, 0.375139, 0.375146, 0.375698, 0.375706
freqs:, 8, 0.5, 0.5, 0.416667, 0.164148, 0.0957092, 0.0960885, 0.0960922, 0.0993912, 0.0997113, 0.0997693, 0.0997722, 0.0999446, 0.107916, 0.107921, 0.108763, 0.110833, 0.111177, 0.111253, 0.111258, 0.111289, 0.169698, 0.169701, 0.172078, 0.173849, 0.175928, 0.17593, 0.187476, 0.187612, 0.187625, 0.188368, 0.18838, 0.18871, 0.189238, 0.189243, 0.191254, 0.192041, 0.193633, 0.1935, 0.193653, 0.193658, 0.193919, 0.193924, 0.194025, 0.194273, 0.194274, 0.194296, 0.194454, 0.196041, 0.197493, 0.197593, 0.197595, 0.197651, 0.198924, 0.199255, 0.199327, 0.199329, 0.199431, 0.199542, 0.199605, 0.19953, 0.20058, 0.200587, 0.203698, 0.204315, 0.204324, 0.204449, 0.204751, 0.204763, 0.221191, 0.221195, 0.22204, 0.229851, 0.232973, 0.232976, 0.234617, 0.236961, 0.238779, 0.239066, 0.239953, 0.239954, 0.240781, 0.242318, 0.242321, 0.242661, 0.242976, 0.243308, 0.243312, 0.244014, 0.245445, 0.245449, 0.245821, 0.245857, 0.246269, 0.246655, 0.246658, 0.246702, 0.247893, 0.2485, 0.248504, 0.249666, 0.250174, 0.251506, 0.251856, 0.251854, 0.25246, 0.252902, 0.252915, 0.252918, 0.253345, 0.253347, 0.253415, 0.253782, 0.256632, 0.256856, 0.256852, 0.256979, 0.257264, 0.25727, 0.258343, 0.259768, 0.259922, 0.259924, 0.263766, 0.26449, 0.26506, 0.265463, 0.265469, 0.265519, 0.265566, 0.266275, 0.266284, 0.266352, 0.266469, 0.266562, 0.266886, 0.266887, 0.267977, 0.267978, 0.268054, 0.268447, 0.268476, 0.268902, 0.268906, 0.270878, 0.27216, 0.272162, 0.27363, 0.27352, 0.277049, 0.277445, 0.27745, 0.278255, 0.280274, 0.280932, 0.280936, 0.281644, 0.284702, 0.284706, 0.285951, 0.286364, 0.286557, 0.286719, 0.286722, 0.287468, 0.290273, 0.290276, 0.29081, 0.29115, 0.291155, 0.291742, 0.291889, 0.29189, 0.292003, 0.29228, 0.293048, 0.293064, 0.293244, 0.294104, 0.294104, 0.294409, 0.294365, 0.295043, 0.295046, 0.295324, 0.295327, 0.295328, 0.295392, 0.29643, 0.296433, 0.296512, 0.296532, 0.296831, 0.296965, 0.296976, 0.296976, 0.297059, 0.297369, 0.29737, 0.297385, 0.29805, 0.29815, 0.298577, 0.298136, 0.298892, 0.298896, 0.299073, 0.300587, 0.300633, 0.300871, 0.300872, 0.305399, 0.305648, 0.308694, 0.308621, 0.308839, 0.310921, 0.311857, 0.31186, 0.311953, 0.312177, 0.313473, 0.314407, 0.314644, 0.314687, 0.314789, 0.314831, 0.315545, 0.316205, 0.316422, 0.316423, 0.316865, 0.317804, 0.318665, 0.318667, 0.319249, 0.320387, 0.320587, 0.320591, 0.321061, 0.321124, 0.321128, 0.321591, 0.321958, 0.321995, 0.322006, 0.32267, 0.322562, 0.322666, 0.323215, 0.327456, 0.327459, 0.327506, 0.328894, 0.329269, 0.330957, 0.330962, 0.33119, 0.333474, 0.333481, 0.33392, 0.334203, 0.334428, 0.334431, 0.33534, 0.335558, 0.335565, 0.337013, 0.337093, 0.337064, 0.337869, 0.338071, 0.338075, 0.344252, 0.344518, 0.344528, 0.344646, 0.351278, 0.351295, 0.351296, 0.353473, 0.354449, 0.354457, 0.35632, 0.356807, 0.35717, 0.359899, 0.359905, 0.360214, 0.360297, 0.36062, 0.360867, 0.360896, 0.360904, 0.361021, 0.361825, 0.362072, 0.362078, 0.362479, 0.362725, 0.362733, 0.363101, 0.363412, 0.363432, 0.365496, 0.365537, 0.365653, 0.36566, 0.365973, 0.367792, 0.367993, 0.367998, 0.368335, 0.36823, 0.368424, 0.36927, 0.369273, 0.369401, 0.37012, 0.370848, 0.370859, 0.371137, 0.373733, 0.373779, 0.373759, 0.374343, 0.374348, 0.374462, 0.37486, 0.375698
freqs:, 9, 0.5, 0.5, 0.333333, 0.156347, 0.0912708, 0.0921253, 0.0921291, 0.094751, 0.0950379, 0.0951094, 0.0951115, 0.0953221, 0.113541, 0.113545, 0.115051, 0.117327, 0.117729, 0.117787, 0.117803, 0.117809, 0.165189, 0.165194, 0.171025, 0.171889, 0.177107, 0.177109, 0.179562, 0.179686, 0.180334, 0.180343, 0.181092, 0.181459, 0.185905, 0.185909, 0.18932, 0.190037, 0.191726, 0.191593, 0.191769, 0.191773, 0.191878, 0.192306, 0.192306, 0.192335, 0.193475, 0.193478, 0.195873, 0.197042, 0.200111, 0.200113, 0.200274, 0.200561, 0.202031, 0.202455, 0.202456, 0.202476, 0.202541, 0.202907, 0.202986, 0.202911, 0.206151, 0.206158, 0.211504, 0.211962, 0.212308, 0.212314, 0.21279, 0.212802, 0.218683, 0.218687, 0.221182, 0.225845, 0.231548, 0.233013, 0.233015, 0.233887, 0.237168, 0.23731, 0.237312, 0.237783, 0.237936, 0.238076, 0.238079, 0.238932, 0.239709, 0.240364, 0.240369, 0.240396, 0.241367, 0.241369, 0.241773, 0.243313, 0.245472, 0.246373, 0.246376, 0.247661, 0.248097, 0.249289, 0.249292, 0.250792, 0.252883, 0.252939, 0.252945, 0.25465, 0.254656, 0.254924, 0.255229, 0.25632, 0.256912, 0.256913, 0.257987, 0.258337, 0.258362, 0.258366, 0.25872, 0.26006, 0.260608, 0.260611, 0.261419, 0.26238, 0.262388, 0.262531, 0.262537, 0.262878, 0.262978, 0.263884, 0.263899, 0.263909, 0.264291, 0.264347, 0.264481, 0.264489, 0.266664, 0.267285, 0.267288, 0.267474, 0.267899, 0.267901, 0.268109, 0.269127, 0.269717, 0.270094, 0.270512, 0.270517, 0.271767, 0.272475, 0.272479, 0.272308, 0.276459, 0.276618, 0.276622, 0.278503, 0.280122, 0.280126, 0.282089, 0.282295, 0.282597, 0.282602, 0.282869, 0.284547, 0.286358, 0.286434, 0.286435, 0.286939, 0.289459, 0.28946, 0.290111, 0.290748, 0.291081, 0.291645, 0.29165, 0.291957, 0.292305, 0.292308, 0.292514, 0.293294, 0.293325, 0.293336, 0.293567, 0.293793, 0.293347, 0.294325, 0.294327, 0.294455, 0.294898, 0.294907, 0.294909, 0.295345, 0.295346, 0.295362, 0.295742, 0.296499, 0.29656, 0.296563, 0.296568, 0.296735, 0.296816, 0.296819, 0.297713, 0.298393, 0.299139, 0.299145, 0.300047, 0.301007, 0.301007, 0.301343, 0.303179, 0.303389, 0.303559, 0.303561, 0.30461, 0.30529, 0.30711, 0.307112, 0.308015, 0.309608, 0.311201, 0.311202, 0.311218, 0.312918, 0.313066, 0.313442, 0.313717, 0.313719, 0.314431, 0.314433, 0.315855, 0.316131, 0.316135, 0.31652, 0.316526, 0.318274, 0.319008, 0.319157, 0.31916, 0.319272, 0.319907, 0.319911, 0.320318, 0.320718, 0.320724, 0.320728, 0.321218, 0.321804, 0.321811, 0.323765, 0.323338, 0.323768, 0.324555, 0.327251, 0.327256, 0.327495, 0.328777, 0.329767, 0.330474, 0.330478, 0.331624, 0.332542, 0.332549, 0.333566, 0.333996, 0.334224, 0.334228, 0.334827, 0.335542, 0.335546, 0.336608, 0.336612, 0.3371, 0.33767, 0.338502, 0.338509, 0.344301, 0.344311, 0.34432, 0.34478, 0.351312, 0.35137, 0.351371, 0.352169, 0.354907, 0.354915, 0.356698, 0.357029, 0.358302, 0.359943, 0.359949, 0.360357, 0.36049, 0.361234, 0.361193, 0.361197, 0.361614, 0.3624, 0.362406, 0.362519, 0.362668, 0.36312, 0.363251, 0.363409, 0.36342, 0.364471, 0.364482, 0.365644, 0.365646, 0.366166, 0.366185, 0.366563, 0.367629, 0.367639, 0.367658, 0.367663, 0.368672, 0.368946, 0.369429, 0.369434, 0.371466, 0.371955, 0.372254, 0.372266, 0.372573, 0.373259, 0.373269, 0.373767, 0.373835, 0.374636, 0.375177, 0.375185, 0.375621
freqs:, 10, 0.5, 0.5, 0.25, 0.15, 0.0874839, 0.0887409, 0.0887449, 0.0909604, 0.0912268, 0.0913084, 0.0913098, 0.0915571, 0.119708, 0.119713, 0.121953, 0.124236, 0.124703, 0.124711, 0.124781, 0.124787, 0.159694, 0.1597, 0.167112, 0.167928, 0.171735, 0.171745, 0.171407, 0.171558, 0.176121, 0.177166, 0.178064, 0.178066, 0.183447, 0.183451, 0.187764, 0.188493, 0.190179, 0.190045, 0.190082, 0.190091, 0.190186, 0.190762, 0.190763, 0.190791, 0.194304, 0.194307, 0.198227, 0.198527, 0.203098, 0.2031, 0.203489, 0.203961, 0.205516, 0.205904, 0.205905, 0.205963, 0.206134, 0.206639, 0.206728, 0.206644, 0.211355, 0.211361, 0.216498, 0.216503, 0.218322, 0.219185, 0.219999, 0.220112, 0.220697, 0.220709, 0.220946, 0.221697, 0.227679, 0.229489, 0.229856, 0.229857, 0.232261, 0.232262, 0.232308, 0.232628, 0.233966, 0.234833, 0.234838, 0.235022, 0.236909, 0.237987, 0.23799, 0.23992, 0.240328, 0.240361, 0.240364, 0.24268, 0.245876, 0.246886, 0.246891, 0.248999, 0.249004, 0.249377, 0.249544, 0.251328, 0.251331, 0.252149, 0.254075, 0.256331, 0.256624, 0.256628, 0.257212, 0.258292, 0.258294, 0.258506, 0.259128, 0.259206, 0.259306, 0.260138, 0.260138, 0.260217, 0.260579, 0.261677, 0.263053, 0.263055, 0.26325, 0.263514, 0.263553, 0.263558, 0.264024, 0.26419, 0.264193, 0.264373, 0.265386, 0.266276, 0.26628, 0.266687, 0.267555, 0.267843, 0.267882, 0.267888, 0.268556, 0.268933, 0.268939, 0.268941, 0.269535, 0.270492, 0.270769, 0.270772, 0.272344, 0.272711, 0.272715, 0.272817, 0.276245, 0.276636, 0.27664, 0.278139, 0.278143, 0.278277, 0.279662, 0.281146, 0.28254, 0.282543, 0.282629, 0.283647, 0.285197, 0.285199, 0.28645, 0.28713, 0.287527, 0.287528, 0.287852, 0.288455, 0.288994, 0.289648, 0.289651, 0.28991, 0.29054, 0.29078, 0.290783, 0.292039, 0.292219, 0.292697, 0.292701, 0.293536, 0.293416, 0.293937, 0.29394, 0.294034, 0.294045, 0.294481, 0.294517, 0.294521, 0.295006, 0.295011, 0.295662, 0.295789, 0.297445, 0.297449, 0.297552, 0.297794, 0.297799, 0.297994, 0.299355, 0.299979, 0.300699, 0.300703, 0.302139, 0.303219, 0.303221, 0.303336, 0.303719, 0.304493, 0.305211, 0.305216, 0.306093, 0.30612, 0.3066, 0.306601, 0.307102, 0.308002, 0.30998, 0.309981, 0.310025, 0.311706, 0.31224, 0.312242, 0.312407, 0.312801, 0.313252, 0.313254, 0.315037, 0.315843, 0.316775, 0.31728, 0.317286, 0.317478, 0.317892, 0.318107, 0.318109, 0.319318, 0.319387, 0.319395, 0.319512, 0.320015, 0.320438, 0.320445, 0.321009, 0.322363, 0.322369, 0.323872, 0.324877, 0.324885, 0.325759, 0.327115, 0.32712, 0.327376, 0.32867, 0.32972, 0.329723, 0.330032, 0.332618, 0.331522, 0.331529, 0.332987, 0.333649, 0.333653, 0.333827, 0.334001, 0.334966, 0.334969, 0.336481, 0.336484, 0.337093, 0.337357, 0.339164, 0.339173, 0.343938, 0.343948, 0.344416, 0.344991, 0.35134, 0.351455, 0.351457, 0.3509, 0.355567, 0.355574, 0.357001, 0.357242, 0.359278, 0.36002, 0.360026, 0.360432, 0.360677, 0.362355, 0.361064, 0.361069, 0.361305, 0.362509, 0.36254, 0.362542, 0.362794, 0.364557, 0.364562, 0.365413, 0.366527, 0.365082, 0.365089, 0.365787, 0.366448, 0.367215, 0.367267, 0.367354, 0.367358, 0.368506, 0.36853, 0.368653, 0.368837, 0.369421, 0.369944, 0.369951, 0.372129, 0.372134, 0.3726, 0.373005, 0.374167, 0.374212, 0.374217, 0.374128, 0.375013, 0.375293, 0.375483, 0.375996, 0.376003
freqs:, 11, 0.5, 0.5, 0.166667, 0.145297, 0.0846342, 0.086197, 0.0862011, 0.0881456, 0.0883985, 0.0884893, 0.0884901, 0.0887653, 0.12615, 0.126155, 0.129217, 0.131463, 0.13198, 0.132018, 0.132101, 0.132108, 0.153573, 0.153579, 0.160128, 0.161737, 0.163613, 0.163623, 0.163276, 0.163431, 0.173926, 0.175519, 0.178084, 0.178085, 0.181853, 0.181856, 0.186622, 0.187367, 0.189067, 0.188862, 0.188869, 0.188931, 0.188969, 0.18965, 0.18965, 0.189677, 0.195897, 0.1959, 0.200196, 0.201183, 0.205887, 0.205889, 0.206985, 0.207678, 0.209336, 0.209664, 0.209665, 0.209725, 0.210085, 0.210687, 0.210799, 0.210687, 0.212179, 0.212184, 0.217207, 0.21774, 0.219365, 0.219373, 0.223385, 0.224924, 0.225455, 0.225456, 0.22689, 0.227025, 0.227332, 0.227333, 0.227387, 0.227447, 0.227558, 0.227888, 0.228368, 0.22838, 0.229198, 0.229658, 0.229663, 0.229779, 0.235877, 0.237782, 0.237786, 0.238983, 0.239513, 0.239516, 0.240377, 0.242184, 0.244126, 0.244133, 0.246873, 0.249561, 0.249566, 0.251068, 0.251388, 0.25241, 0.25252, 0.252523, 0.25302, 0.25333, 0.254284, 0.255104, 0.255115, 0.255241, 0.256534, 0.257726, 0.25844, 0.258443, 0.260072, 0.260076, 0.26005, 0.262266, 0.262565, 0.262721, 0.262796, 0.262891, 0.262897, 0.26369, 0.263693, 0.263999, 0.265205, 0.265211, 0.266456, 0.266813, 0.266816, 0.267471, 0.268115, 0.268118, 0.2692, 0.269205, 0.26923, 0.269231, 0.272013, 0.27206, 0.272063, 0.272161, 0.272996, 0.27315, 0.273154, 0.2732, 0.274576, 0.274578, 0.274618, 0.274702, 0.274819, 0.274824, 0.276135, 0.276536, 0.276706, 0.277128, 0.27713, 0.278752, 0.28197, 0.281972, 0.282642, 0.283633, 0.284373, 0.284883, 0.284885, 0.285071, 0.285611, 0.285765, 0.285768, 0.286568, 0.287189, 0.287067, 0.287126, 0.288131, 0.288259, 0.288262, 0.288534, 0.289154, 0.290375, 0.290379, 0.290683, 0.291281, 0.29166, 0.291666, 0.292367, 0.293009, 0.29385, 0.293932, 0.293941, 0.294587, 0.296501, 0.296505, 0.297075, 0.297386, 0.299198, 0.299202, 0.299319, 0.299528, 0.300204, 0.300206, 0.300701, 0.301451, 0.30229, 0.302293, 0.302857, 0.303109, 0.303668, 0.303673, 0.304883, 0.30575, 0.305752, 0.306146, 0.306385, 0.306435, 0.308103, 0.308099, 0.308659, 0.308726, 0.308912, 0.309542, 0.309544, 0.309553, 0.31051, 0.310512, 0.310902, 0.311307, 0.311779, 0.31178, 0.314581, 0.315186, 0.315936, 0.31613, 0.316131, 0.317209, 0.317328, 0.317842, 0.317849, 0.317804, 0.318229, 0.318236, 0.318422, 0.319805, 0.320818, 0.320825, 0.322779, 0.32335, 0.323355, 0.324055, 0.325549, 0.325557, 0.32667, 0.326824, 0.327397, 0.327404, 0.328706, 0.328874, 0.328877, 0.330454, 0.330654, 0.330656, 0.332181, 0.332782, 0.332786, 0.333073, 0.333176, 0.33401, 0.334012, 0.334298, 0.336598, 0.336601, 0.336981, 0.337117, 0.339939, 0.339948, 0.34345, 0.34346, 0.344517, 0.345257, 0.35135, 0.351527, 0.351528, 0.349785, 0.356306, 0.356312, 0.356794, 0.35785, 0.359992, 0.360126, 0.360134, 0.360467, 0.360665, 0.360811, 0.360657, 0.360964, 0.362451, 0.362471, 0.362476, 0.362527, 0.364168, 0.36525, 0.365255, 0.365427, 0.365819, 0.365814, 0.365973, 0.367122, 0.367446, 0.36745, 0.367756, 0.368918, 0.369003, 0.36981, 0.369814, 0.370051, 0.370695, 0.370949, 0.37096, 0.371422, 0.371567, 0.372482, 0.373609, 0.373627, 0.373859, 0.373983, 0.374572, 0.374568, 0.376033, 0.376892, 0.377534, 0.377693, 0.3777
freqs:, 12, 0.5, 0.5, 0.0833333, 0.1424, 0.0828666, 0.0846208, 0.0846251, 0.08641, 0.0866551, 0.0867528, 0.0867531, 0.0870455, 0.132623, 0.132628, 0.136686, 0.138909, 0.139525, 0.139602, 0.139677, 0.139684, 0.147243, 0.147249, 0.152542, 0.154339, 0.155528, 0.155537, 0.155223, 0.155369, 0.173158, 0.174786, 0.177973, 0.177974, 0.18097, 0.180973, 0.185926, 0.186682, 0.188192, 0.188126, 0.188153, 0.188223, 0.18845, 0.188978, 0.188979, 0.189005, 0.197707, 0.197709, 0.201613, 0.204493, 0.206484, 0.206488, 0.210651, 0.211615, 0.213013, 0.213101, 0.213102, 0.21354, 0.213715, 0.213716, 0.213754, 0.214168, 0.215092, 0.215098, 0.215185, 0.216477, 0.219461, 0.220512, 0.220926, 0.220927, 0.222576, 0.222576, 0.222651, 0.22274, 0.224013, 0.224523, 0.224527, 0.224697, 0.224854, 0.22486, 0.232537, 0.234052, 0.234506, 0.235161, 0.235712, 0.235724, 0.236166, 0.236173, 0.236474, 0.23839, 0.238394, 0.238694, 0.240305, 0.241911, 0.241629, 0.241634, 0.24691, 0.247641, 0.248009, 0.248866, 0.249046, 0.249303, 0.249315, 0.251264, 0.251268, 0.253104, 0.25391, 0.253913, 0.254041, 0.255454, 0.255597, 0.257583, 0.258424, 0.259285, 0.259287, 0.261128, 0.260993, 0.261127, 0.26238, 0.262542, 0.262549, 0.262789, 0.263596, 0.263599, 0.263956, 0.264742, 0.26513, 0.265129, 0.26624, 0.26656, 0.266728, 0.269444, 0.270249, 0.270251, 0.271464, 0.271468, 0.273105, 0.273759, 0.273699, 0.273704, 0.27389, 0.273928, 0.274326, 0.274959, 0.27496, 0.274963, 0.27633, 0.276542, 0.276552, 0.276309, 0.277329, 0.277341, 0.277848, 0.27785, 0.278194, 0.278338, 0.278393, 0.278397, 0.280098, 0.2801, 0.281104, 0.282122, 0.28233, 0.282456, 0.282459, 0.28284, 0.283093, 0.283203, 0.283208, 0.283792, 0.283943, 0.285055, 0.28506, 0.285065, 0.286986, 0.287248, 0.287252, 0.287332, 0.287635, 0.28765, 0.287654, 0.290401, 0.290197, 0.290201, 0.292355, 0.292409, 0.293668, 0.293677, 0.294368, 0.2958, 0.297758, 0.297762, 0.298226, 0.298616, 0.299776, 0.299877, 0.299881, 0.300098, 0.301684, 0.302289, 0.302293, 0.302312, 0.303166, 0.303169, 0.303726, 0.304598, 0.304614, 0.304615, 0.30502, 0.30527, 0.306343, 0.306345, 0.306942, 0.306947, 0.307771, 0.307768, 0.308447, 0.308561, 0.308587, 0.308589, 0.309117, 0.309214, 0.310648, 0.310649, 0.311132, 0.311657, 0.311859, 0.311863, 0.313443, 0.313716, 0.314197, 0.314198, 0.314353, 0.316098, 0.316345, 0.316351, 0.316409, 0.317173, 0.317661, 0.318082, 0.318094, 0.321074, 0.321456, 0.321462, 0.323962, 0.32417, 0.324177, 0.324188, 0.325653, 0.325659, 0.326005, 0.327168, 0.327651, 0.327659, 0.328699, 0.328709, 0.328967, 0.330134, 0.330976, 0.330131, 0.331257, 0.331754, 0.331759, 0.332343, 0.333106, 0.333179, 0.333182, 0.335154, 0.336712, 0.336715, 0.336647, 0.337141, 0.34068, 0.340689, 0.342905, 0.342915, 0.344595, 0.345516, 0.351346, 0.351571, 0.351574, 0.348957, 0.356561, 0.356962, 0.356968, 0.35839, 0.359995, 0.359999, 0.360301, 0.36031, 0.360472, 0.361198, 0.360468, 0.360801, 0.362223, 0.36225, 0.362254, 0.362387, 0.365687, 0.365785, 0.365793, 0.366112, 0.366309, 0.366191, 0.366302, 0.367115, 0.367416, 0.367564, 0.367568, 0.368947, 0.369405, 0.369405, 0.369846, 0.37062, 0.370763, 0.371725, 0.372343, 0.37235, 0.373053, 0.373644, 0.374125, 0.374128, 0.374891, 0.375139, 0.377113, 0.376509, 0.377122, 0.377853, 0.378586, 0.378612, 0.378968
freqs:, 13, 0.5, 0.5, 0, 0.141421, 0.0822676, 0.0840869, 0.0840913, 0.0858232, 0.0860657, 0.0861662, 0.0861663, 0.0864644, 0.137264, 0.13727, 0.142942, 0.142512, 0.142518, 0.145609, 0.14622, 0.147072, 0.147171, 0.147544, 0.147552, 0.147611, 0.147618, 0.147625, 0.147411, 0.147734, 0.172948, 0.174564, 0.177913, 0.177914, 0.180688, 0.180692, 0.185693, 0.186453, 0.187958, 0.18788, 0.187911, 0.187977, 0.188228, 0.188754, 0.188754, 0.188781, 0.198648, 0.19865, 0.202197, 0.206968, 0.205856, 0.20586, 0.210373, 0.213528, 0.21499, 0.215215, 0.21619, 0.216278, 0.216524, 0.216531, 0.216723, 0.216716, 0.217989, 0.21799, 0.218061, 0.21808, 0.21808, 0.218094, 0.218154, 0.218569, 0.219027, 0.219699, 0.21968, 0.219788, 0.219793, 0.219803, 0.219813, 0.219853, 0.228457, 0.228464, 0.233298, 0.233306, 0.233542, 0.237416, 0.23809, 0.238093, 0.239071, 0.239778, 0.240705, 0.240879, 0.240883, 0.24177, 0.241791, 0.242826, 0.242408, 0.242441, 0.242477, 0.242829, 0.242876, 0.242998, 0.243009, 0.243321, 0.248889, 0.251914, 0.251917, 0.25373, 0.25484, 0.254844, 0.255095, 0.255649, 0.256355, 0.256951, 0.258291, 0.259133, 0.259136, 0.261167, 0.25908, 0.261168, 0.26231, 0.262315, 0.262826, 0.262848, 0.262912, 0.263169, 0.263173, 0.263941, 0.267053, 0.267054, 0.267256, 0.268061, 0.268066, 0.268346, 0.269825, 0.270784, 0.271078, 0.271505, 0.271506, 0.27204, 0.273704, 0.274135, 0.275607, 0.275608, 0.277715, 0.277864, 0.277867, 0.27788, 0.278282, 0.278364, 0.278383, 0.278509, 0.278898, 0.278899, 0.27907, 0.279192, 0.279241, 0.279362, 0.279458, 0.279463, 0.28009, 0.280095, 0.279923, 0.280167, 0.280378, 0.280912, 0.280913, 0.280949, 0.281752, 0.281753, 0.282385, 0.282813, 0.282916, 0.282883, 0.282886, 0.283102, 0.283697, 0.2837, 0.284169, 0.284413, 0.287187, 0.288659, 0.288665, 0.289665, 0.289659, 0.290778, 0.292092, 0.29241, 0.29359, 0.293599, 0.294868, 0.296572, 0.298427, 0.298627, 0.298631, 0.299235, 0.299241, 0.299248, 0.299448, 0.299512, 0.303149, 0.303151, 0.303174, 0.303449, 0.304329, 0.304332, 0.303805, 0.304801, 0.304804, 0.305421, 0.305422, 0.306071, 0.306303, 0.306305, 0.306632, 0.306656, 0.306782, 0.306632, 0.306749, 0.307142, 0.308032, 0.308033, 0.310565, 0.31081, 0.310811, 0.310823, 0.311501, 0.311625, 0.312876, 0.312877, 0.31327, 0.313473, 0.313958, 0.313962, 0.314106, 0.314196, 0.31456, 0.314564, 0.315115, 0.317161, 0.317826, 0.318094, 0.318105, 0.321753, 0.321759, 0.321845, 0.323749, 0.324457, 0.324467, 0.324769, 0.325583, 0.325649, 0.325654, 0.327323, 0.3275, 0.327506, 0.329041, 0.329047, 0.32917, 0.330097, 0.330103, 0.330773, 0.33109, 0.331097, 0.331226, 0.332045, 0.332837, 0.33284, 0.33304, 0.335503, 0.336754, 0.336756, 0.336509, 0.337151, 0.341069, 0.341078, 0.342587, 0.342597, 0.344624, 0.34564, 0.348633, 0.351344, 0.351589, 0.351584, 0.356462, 0.357257, 0.357261, 0.358643, 0.35979, 0.359797, 0.360161, 0.360351, 0.360522, 0.360532, 0.360765, 0.361599, 0.361911, 0.362122, 0.362126, 0.362348, 0.366017, 0.366024, 0.366197, 0.366522, 0.366568, 0.366302, 0.366565, 0.367135, 0.367455, 0.367459, 0.368345, 0.368392, 0.368956, 0.369188, 0.369188, 0.371533, 0.370447, 0.371539, 0.372699, 0.373389, 0.373392, 0.373518, 0.374241, 0.374249, 0.374383, 0.375933, 0.376939, 0.375929, 0.377923, 0.38115, 0.381391, 0.381897, 0.381905
